0.000000	0.000000	0.000000	0.000000	0.000000	0.000000	0.002099
0.000000	0.000000	0.000000	0.000000	0.000000	0.000000	0.006243
0.686035	0.579590	0.890869	-3.358779	15.427481	-7.992366	0.010301
0.691406	0.579346	0.898926	12.183206	10.198473	-12.671756	0.014267
0.692871	0.583496	0.902344	25.610687	6.320611	-11.641221	0.018226
0.692871	0.575195	0.899414	-6.145038	12.595420	-11.427481	0.022185
0.687500	0.585205	0.898438	-3.534351	-1.648855	2.534351	0.026148
0.686523	0.581299	0.896484	-4.099237	-1.786260	0.122137	0.030113
0.686279	0.582031	0.899902	-4.145038	-1.664122	0.099237	0.034084
0.686768	0.579834	0.903809	-3.961832	-1.885496	0.435115	0.038042
0.691406	0.582031	0.903809	-3.870229	-1.748092	0.412214	0.042002
0.693359	0.577148	0.903320	-4.236641	-1.793893	0.213740	0.045963
0.688965	0.579346	0.907471	-4.129771	-1.816794	0.312977	0.049921
0.688477	0.574707	0.891602	-4.206107	-1.541985	0.366412	0.053881
0.687256	0.573730	0.902588	-4.137405	-1.671756	0.251908	0.057841
0.688477	0.580322	0.897461	-4.236641	-1.732824	0.328244	0.061798
0.685791	0.584229	0.896240	-3.969466	-1.908397	0.625954	0.065774
0.694824	0.587891	0.898926	-4.152672	-1.862595	0.404580	0.069732
0.689941	0.580811	0.894043	-4.213740	-1.610687	0.045802	0.073694
0.692139	0.584473	0.903076	-4.099237	-1.717557	0.496183	0.077650
0.673828	0.576172	0.899658	-4.114504	-1.732824	0.595420	0.081606
0.696045	0.581299	0.904053	-4.160305	-1.534351	0.137405	0.085566
0.691895	0.586426	0.895264	-4.030534	-1.893130	0.236641	0.089525
0.695557	0.578369	0.901611	-4.198473	-1.702290	0.549618	0.093484
0.691406	0.583252	0.899414	-4.137405	-1.916031	0.328244	0.097442
0.688721	0.582764	0.904541	-4.083969	-1.755725	0.549618	0.101418
0.690430	0.583740	0.899902	-4.122137	-1.687023	0.641221	0.105380
0.701416	0.573975	0.900391	-4.160305	-1.709924	0.458015	0.109337
0.692627	0.579834	0.913574	-4.206107	-1.847328	0.129771	0.113317
0.696533	0.577637	0.903809	-4.106870	-1.671756	0.312977	0.117274
0.688721	0.581787	0.898682	-4.129771	-1.648855	0.458015	0.121236
0.687988	0.577393	0.899902	-4.099237	-1.801527	0.175573	0.125197
0.688232	0.583008	0.897705	-3.938931	-1.671756	0.603053	0.129155
0.694824	0.573975	0.902100	-4.076336	-1.679389	0.572519	0.133115
0.688232	0.582031	0.901611	-4.007634	-1.580153	0.190840	0.137075
0.690186	0.580566	0.903809	-4.030534	-1.778626	0.244275	0.141033
0.690186	0.579590	0.896729	-4.114504	-1.702290	0.694656	0.145001
0.688232	0.583984	0.900879	-4.061069	-1.809160	0.366412	0.148957
0.693115	0.578369	0.896484	-4.053435	-1.885496	0.007634	0.152919
0.683838	0.583008	0.900879	-4.091603	-1.801527	0.503817	0.156876
0.691162	0.581787	0.902344	-3.847328	-1.770992	0.786260	0.160834
0.692383	0.581787	0.895752	-4.244275	-1.862595	0.145038	0.164795
0.688965	0.572510	0.893799	-4.152672	-1.763359	0.458015	0.168751
0.693115	0.584229	0.899658	-4.206107	-1.648855	0.549618	0.172716
0.685547	0.578125	0.899658	-3.854962	-1.854962	0.297710	0.176677
0.686768	0.593506	0.900635	-4.167939	-1.755725	0.312977	0.180632
0.685303	0.581787	0.901367	-3.938931	-1.740458	0.473282	0.184591
0.690430	0.579590	0.902100	-4.122137	-1.702290	0.328244	0.188549
0.692139	0.583496	0.904297	-4.083969	-1.725191	0.076336	0.192505
0.688721	0.579102	0.899902	-4.122137	-1.801527	0.480916	0.196469
0.689941	0.583252	0.897217	-4.244275	-1.618321	0.404580	0.200426
0.692383	0.579590	0.901855	-1.961832	-1.641221	0.160305	0.204393
0.686523	0.579102	0.898438	-3.954198	-1.648855	0.358779	0.208349
0.687256	0.576660	0.900635	-4.190840	-1.778626	0.572519	0.212310
0.691162	0.583008	0.902832	-4.000000	-1.923664	0.259542	0.216267
0.691895	0.579834	0.904297	-4.045802	-1.679389	0.305344	0.220225
0.687988	0.583740	0.903076	-4.244275	-1.740458	0.656489	0.224209
0.688232	0.572754	0.898193	-4.259542	-1.702290	0.343511	0.228167
0.687500	0.585205	0.891357	-4.206107	-1.618321	0.282443	0.232121
0.689697	0.578125	0.900146	-4.038168	-1.671756	0.343511	0.236084
0.689697	0.578857	0.890869	-4.068702	-1.496183	0.404580	0.240043
0.689697	0.579102	0.901123	-4.030534	-1.618321	-1.938931	0.244002
0.689453	0.574219	0.897705	-4.106870	-1.664122	0.503817	0.247958
0.693604	0.582520	0.906006	-4.030534	-1.748092	0.656489	0.252033
0.687012	0.583008	0.904541	-4.061069	-1.641221	0.358779	0.255993
0.687744	0.583984	0.904297	-4.198473	-1.824427	0.114504	0.259952
0.691162	0.576904	0.919922	-4.129771	-1.755725	0.618321	0.263935
0.692871	0.581055	0.901123	-4.015267	-1.694656	0.282443	0.267893
0.693115	0.581543	0.920410	-3.938931	-1.648855	-0.053435	0.271853
0.685059	0.582031	0.900391	-4.160305	-1.679389	0.389313	0.275818
0.698242	0.578613	0.898438	-3.938931	-1.671756	0.511450	0.279774
0.687012	0.578125	0.899658	-4.183206	-1.732824	0.198473	0.283738
0.687012	0.581299	0.891846	-4.061069	-1.740458	0.206107	0.287696
0.692383	0.579346	0.899414	-4.045802	-1.862595	0.671756	0.291652
0.692383	0.582031	0.892578	-3.908397	-1.717557	0.488550	0.295617
0.690918	0.582764	0.896729	-4.099237	-1.770992	0.251908	0.299576
0.684814	0.586670	0.897217	-4.290076	-1.824427	0.595420	0.303534
0.691162	0.583740	0.899658	-1.977099	-1.770992	0.335878	0.307494
0.691406	0.578369	0.908691	-1.961832	-1.755725	0.167939	0.311452
0.684082	0.582031	0.903809	-4.030534	-1.694656	0.526718	0.315412
0.688721	0.585693	0.906250	-4.007634	-1.847328	0.335878	0.319369
0.686523	0.585693	0.900879	-4.083969	-1.687023	0.259542	0.323328
0.690918	0.583008	0.906250	-4.198473	-1.694656	0.366412	0.327286
0.687256	0.581299	0.901855	-4.022901	-1.702290	0.526718	0.331242
0.691162	0.578125	0.895996	-4.137405	-1.793893	0.290076	0.335202
0.686279	0.575439	0.894531	-3.992366	-1.633588	0.145038	0.339155
0.685791	0.581543	0.906982	-3.954198	-1.839695	0.763359	0.343113
0.694580	0.576416	0.912109	-4.198473	-1.709924	0.152672	0.347072
0.692139	0.576416	0.896240	-4.114504	-1.786260	0.274809	0.351029
0.687744	0.578125	0.904053	-4.068702	-1.656489	0.335878	0.354996
0.702881	0.578857	0.902100	-4.022901	-1.786260	0.587786	0.358953
0.673096	0.579102	0.899170	-3.893130	-1.725191	0.305344	0.362928
0.674072	0.582275	0.894531	-4.038168	-1.702290	0.274809	0.366892
0.690918	0.578125	0.905762	-4.297710	-1.740458	0.725191	0.370850
0.701904	0.574463	0.899658	-4.129771	-1.839695	0.206107	0.374814
0.691895	0.585449	0.902100	-4.183206	-1.732824	0.442748	0.378769
0.688477	0.581299	0.903076	-4.015267	-1.725191	0.702290	0.382734
0.693604	0.576904	0.900879	-4.145038	-1.816794	0.473282	0.386691
0.688965	0.580078	0.901611	-3.977099	-1.664122	0.282443	0.390647
0.687744	0.582031	0.901123	-4.106870	-1.893130	0.244275	0.394608
0.686279	0.581787	0.913086	-3.893130	-1.610687	0.595420	0.398565
0.693359	0.575684	0.904297	-4.198473	-1.763359	0.389313	0.402526
0.688721	0.577881	0.897217	-4.114504	-1.778626	0.343511	0.406486
0.691162	0.580078	0.895264	-3.969466	-1.656489	0.511450	0.410445
0.690430	0.578369	0.900391	-4.114504	-1.709924	0.267176	0.414406
0.683838	0.566650	0.904297	-3.954198	-1.595420	0.251908	0.418363
0.686035	0.587158	0.902100	-4.198473	-1.763359	0.534351	0.422322
0.691162	0.591553	0.899170	-3.984733	-1.763359	0.381679	0.426280
0.689941	0.593506	0.894043	-4.183206	-1.824427	0.183206	0.430237
0.684814	0.584717	0.905518	-4.106870	-1.755725	0.374046	0.434218
0.687988	0.581787	0.901367	-3.984733	-1.832061	0.717557	0.438175
0.687988	0.563965	0.898926	-4.167939	-1.603053	0.206107	0.442132
0.690918	0.585205	0.900146	-4.106870	-1.496183	0.305344	0.446092
0.690918	0.582275	0.899414	-3.977099	-1.923664	0.572519	0.450052
0.693359	0.582764	0.900879	-4.053435	-1.793893	0.152672	0.454036
0.694336	0.577393	0.904297	-4.137405	-1.595420	0.374046	0.457995
0.691650	0.581055	0.894287	-3.961832	-1.832061	0.351145	0.461954
0.687744	0.574219	0.893311	-4.244275	-1.770992	0.374046	0.465917
0.692627	0.576416	0.897949	-4.122137	-1.732824	0.221374	0.469873
0.686035	0.578125	0.911621	-4.251908	-1.809160	0.435115	0.473833
0.685791	0.580811	0.897705	-3.954198	-1.587786	0.572519	0.477793
0.690674	0.579590	0.908691	-4.053435	-1.862595	0.114504	0.481754
0.693115	0.578857	0.907715	-4.152672	-1.381679	0.351145	0.485715
0.687988	0.578857	0.902588	-4.038168	-1.854962	0.465649	0.489673
0.688232	0.579590	0.898438	-4.114504	-1.709924	0.312977	0.493646
0.700439	0.585938	0.906738	-4.076336	-1.824427	0.198473	0.497658
0.685547	0.582764	0.902588	-3.946565	-1.778626	0.625954	0.501646
0.687988	0.578125	0.909912	-4.022901	-1.740458	0.312977	0.505614
0.693848	0.582764	0.905273	-4.061069	-1.656489	0.221374	0.509574
0.691895	0.579102	0.904785	-3.877863	-1.648855	0.435115	0.513535
0.692383	0.581787	0.896729	-4.106870	-1.603053	0.412214	0.517493
0.698242	0.580078	0.902588	-4.183206	-1.740458	0.198473	0.521454
0.695801	0.582275	0.891357	-4.175573	-1.801527	0.351145	0.525414
0.691162	0.577148	0.903076	-4.137405	-1.740458	0.557252	0.529369
0.693115	0.588135	0.901855	-4.106870	-1.862595	0.458015	0.533330
0.690430	0.583252	0.897461	-3.938931	-1.809160	0.297710	0.537289
0.696777	0.577881	0.917969	-4.007634	-1.816794	0.633588	0.541246
0.683594	0.570801	0.903564	-4.190840	-1.664122	0.480916	0.545208
0.692139	0.579346	0.903076	-4.083969	-1.633588	0.099237	0.549165
0.692139	0.578857	0.906982	-3.938931	-1.572519	0.335878	0.553126
0.691895	0.580811	0.892334	-4.068702	-1.755725	0.519084	0.557087
0.689697	0.581543	0.903076	-4.061069	-1.702290	0.312977	0.561044
0.693359	0.579102	0.897217	-4.068702	-1.603053	0.229008	0.565004
0.690186	0.580322	0.902588	-4.122137	-1.740458	0.511450	0.568962
0.691895	0.582764	0.899170	-4.122137	-1.664122	0.465649	0.572922
0.689941	0.584961	0.899902	-4.114504	-2.022901	0.167939	0.576883
0.694336	0.584229	0.905762	-3.977099	-1.809160	0.526718	0.580840
0.688721	0.576416	0.898193	-4.190840	-1.618321	0.389313	0.584800
0.690918	0.583252	0.903076	-3.977099	-1.740458	0.236641	0.588755
0.695068	0.586426	0.908936	-3.885496	-1.854962	0.358779	0.592775
0.689697	0.580322	0.905273	-4.076336	-1.679389	0.587786	0.596861
0.690918	0.583740	0.903564	-3.946565	-1.839695	0.290076	0.600821
0.697266	0.575439	0.905762	-4.007634	-1.732824	0.458015	0.604781
0.690918	0.580078	0.904541	-3.946565	-1.786260	0.648855	0.608742
0.685547	0.576172	0.900635	-4.022901	-1.770992	0.442748	0.612721
0.694092	0.577148	0.902100	-4.038168	-1.725191	0.129771	0.616681
0.688965	0.581299	0.899658	-3.969466	-1.633588	0.595420	0.620640
0.691650	0.578857	0.903320	-3.969466	-1.687023	0.557252	0.624603
0.695312	0.582031	0.898193	-4.061069	-1.877863	0.290076	0.628563
0.694336	0.583008	0.903320	-3.916031	-1.832061	0.236641	0.632532
0.692139	0.583496	0.900146	-4.030534	-1.778626	0.465649	0.636491
0.687500	0.580078	0.905273	-4.129771	-1.587786	0.190840	0.640447
0.688232	0.579834	0.898926	-4.129771	-1.847328	0.167939	0.644407
0.697021	0.577881	0.912354	-4.129771	-1.885496	0.503817	0.648368
0.688477	0.580811	0.912842	-4.190840	-1.755725	0.503817	0.652326
0.690430	0.578857	0.902100	-4.114504	-1.717557	0.335878	0.656286
0.684082	0.580811	0.904785	-3.877863	-1.870229	0.450382	0.660243
0.687256	0.582764	0.900879	-4.015267	-1.709924	0.541985	0.664224
0.693115	0.574463	0.905518	-4.152672	-1.625954	0.198473	0.668181
0.687744	0.574463	0.900635	-4.053435	-1.770992	0.709924	0.672139
0.689697	0.582031	0.904053	-4.000000	-1.793893	0.450382	0.676098
0.688477	0.583252	0.894775	-4.053435	-1.671756	0.175573	0.680057
0.686279	0.582031	0.901611	-4.076336	-1.549618	0.183206	0.684015
0.694336	0.582520	0.899902	-4.061069	-1.824427	0.641221	0.687978
0.688721	0.585449	0.903564	-3.931298	-1.664122	0.366412	0.691934
0.676270	0.578125	0.906006	-4.053435	-1.671756	0.335878	0.695916
0.686523	0.581787	0.895752	-4.122137	-1.862595	0.351145	0.699874
0.672363	0.578857	0.907715	-4.045802	-1.564885	0.435115	0.703837
0.692383	0.578857	0.902588	-4.099237	-1.709924	0.358779	0.707797
0.688232	0.582764	0.892090	-4.099237	-1.801527	0.312977	0.711756
0.687256	0.580322	0.899658	-4.297710	-1.610687	0.534351	0.715719
0.688965	0.581787	0.901367	-3.870229	-1.832061	0.358779	0.719680
0.683838	0.584229	0.896973	-4.114504	-1.748092	0.305344	0.723643
0.691650	0.576416	0.903564	-4.015267	-1.732824	0.801527	0.727605
0.687500	0.579590	0.898682	-4.274809	-1.931298	0.541985	0.731561
0.687988	0.581543	0.898926	-3.954198	-1.793893	0.053435	0.735525
0.695068	0.579346	0.902100	-3.984733	-1.580153	0.335878	0.739481
0.691406	0.578857	0.899902	-4.061069	-1.732824	0.694656	0.743527
0.691162	0.582764	0.904785	-1.961832	-1.610687	0.206107	0.747511
0.691895	0.581055	0.904541	-4.190840	-1.488550	0.541985	0.751577
0.689453	0.583008	0.898926	-4.030534	-1.748092	0.580153	0.755542
0.684814	0.581055	0.898193	-4.061069	-1.832061	0.213740	0.759505
0.692139	0.579346	0.904541	-3.946565	-1.664122	0.366412	0.763480
0.686768	0.575195	0.896484	-4.106870	-1.564885	0.282443	0.767437
0.681152	0.588623	0.903809	-4.122137	-1.755725	0.236641	0.771394
0.689453	0.583984	0.909180	-4.015267	-1.694656	0.282443	0.775357
0.694336	0.581299	0.898438	-4.068702	-1.740458	0.541985	0.779312
0.697266	0.585205	0.901123	-4.106870	-1.954198	0.572519	0.783275
0.690430	0.579834	0.898682	-4.045802	-1.877863	0.175573	0.787233
0.687988	0.578613	0.898438	-4.022901	-1.595420	0.366412	0.791191
0.690186	0.573975	0.904053	-4.053435	-1.755725	0.648855	0.795155
0.689209	0.580078	0.894287	-4.000000	-1.664122	0.183206	0.799111
0.690430	0.581299	0.895264	-4.022901	-1.748092	0.175573	0.803071
0.688721	0.579346	0.910156	-4.106870	-1.709924	0.557252	0.807036
0.688477	0.562500	0.906494	-4.068702	-1.740458	0.343511	0.810993
0.693359	0.583740	0.890381	-1.961832	-1.618321	0.152672	0.814956
0.686035	0.581543	0.896240	-3.969466	-1.740458	0.328244	0.818917
0.687256	0.581055	0.900635	-4.091603	-1.763359	0.549618	0.822881
0.687744	0.579834	0.908691	-4.129771	-1.755725	0.183206	0.826839
0.685547	0.592773	0.902588	-4.114504	-1.854962	0.557252	0.830798
0.693115	0.582764	0.907715	-4.175573	-1.801527	0.694656	0.834760
0.686035	0.576172	0.895264	-3.908397	-1.870229	0.068702	0.838718
0.692627	0.580811	0.900146	-3.946565	-1.587786	0.366412	0.842678
0.686523	0.585205	0.903809	-3.931298	-1.656489	0.534351	0.846636
0.692383	0.586670	0.906250	-4.175573	-1.763359	0.404580	0.850594
0.688232	0.581787	0.900391	-3.870229	-1.496183	0.206107	0.854555
0.688477	0.581055	0.901367	-4.236641	-1.854962	0.503817	0.858514
0.692871	0.580811	0.905029	-4.007634	-1.740458	0.587786	0.862472
0.683594	0.576904	0.898682	-5.862595	-1.839695	0.221374	0.866436
0.692627	0.579590	0.893799	-4.114504	-1.832061	0.404580	0.870395
0.692139	0.579834	0.882568	-3.816794	-1.770992	0.381679	0.874355
0.691650	0.583496	0.902100	-4.152672	-1.916031	0.328244	0.878313
0.691162	0.582275	0.902344	-4.068702	-1.618321	0.213740	0.882273
0.688965	0.584229	0.896240	-4.183206	-1.725191	0.587786	0.886234
0.686523	0.578613	0.898926	-4.000000	-1.755725	0.312977	0.890192
0.689209	0.578613	0.900146	-4.106870	-1.748092	0.229008	0.894152
0.691895	0.577148	0.904297	-4.022901	-1.793893	0.419847	0.898112
0.691895	0.579590	0.901611	-4.213740	-1.641221	0.450382	0.902070
0.691650	0.584717	0.896729	-3.946565	-1.931298	0.259542	0.906032
0.689209	0.578857	0.897217	-4.160305	-1.694656	0.312977	0.909989
0.689697	0.581055	0.901611	-4.122137	-1.702290	0.351145	0.913954
0.682373	0.587646	0.904297	-3.969466	-1.740458	0.320611	0.917913
0.685059	0.581543	0.902344	-3.931298	-1.694656	0.381679	0.921871
0.689941	0.579102	0.899658	-3.984733	-1.809160	0.618321	0.925829
0.694336	0.577637	0.900879	-4.114504	-1.732824	0.389313	0.929790
0.683838	0.575928	0.899170	-3.854962	-1.755725	0.206107	0.933767
0.690186	0.582031	0.901123	-4.007634	-1.885496	0.618321	0.937723
0.693848	0.579346	0.891357	-3.832061	-1.732824	0.526718	0.941680
0.691895	0.579102	0.897705	-4.274809	-1.832061	0.137405	0.945646
0.685303	0.577393	0.907471	-4.038168	-1.740458	0.358779	0.949603
0.690430	0.574463	0.898926	-4.167939	-1.793893	0.511450	0.953589
0.687744	0.583740	0.902588	-4.061069	-1.908397	0.244275	0.957549
0.686035	0.585205	0.899414	-4.030534	-1.687023	0.404580	0.961510
0.690430	0.582031	0.902100	-4.015267	-1.610687	0.595420	0.965473
0.686523	0.582764	0.899170	-3.961832	-1.832061	0.412214	0.969431
0.692871	0.577881	0.898438	-4.129771	-1.786260	0.061069	0.973391
0.694092	0.579346	0.900146	-3.916031	-1.595420	0.427481	0.977355
0.699219	0.575684	0.900635	-4.114504	-1.671756	0.603053	0.981311
0.692383	0.580811	0.902100	-4.083969	-1.496183	0.137405	0.985273
0.691895	0.579346	0.900146	-4.244275	-1.580153	0.435115	0.989278
0.686523	0.576660	0.909180	-4.083969	-1.793893	0.709924	0.993241
0.672119	0.581055	0.896240	-4.015267	-1.625954	0.290076	0.997200
0.694336	0.580566	0.903076	-4.068702	-1.641221	0.442748	1.001172
0.674072	0.580322	0.906982	-4.007634	-1.908397	0.587786	1.005171
0.698486	0.577637	0.913818	-4.114504	-1.671756	0.297710	1.009128
0.687256	0.581299	0.903564	-4.061069	-1.564885	0.297710	1.013087
0.688721	0.581299	0.895996	-3.977099	-1.725191	0.358779	1.017049
0.701660	0.583008	0.910400	-4.015267	-1.763359	0.618321	1.021007
0.689697	0.578613	0.900391	-4.290076	-1.679389	0.374046	1.024968
0.690430	0.581787	0.904541	-4.114504	-1.549618	0.374046	1.028924
0.676514	0.584717	0.903809	-3.954198	-1.679389	0.740458	1.032885
0.698486	0.580322	0.903809	-4.083969	-1.755725	0.396947	1.036842
0.693115	0.582520	0.893311	-4.297710	-1.709924	0.259542	1.040799
0.695312	0.579590	0.899414	-4.030534	-1.732824	0.511450	1.044757
0.689209	0.577881	0.906494	-4.267176	-1.694656	0.549618	1.048719
0.689209	0.585938	0.900146	-4.053435	-1.816794	0.274809	1.052677
0.695312	0.577881	0.902100	-4.106870	-1.679389	0.427481	1.056639
0.689697	0.580566	0.901611	-4.160305	-1.809160	0.564885	1.060597
0.690186	0.574951	0.905518	-3.916031	-1.702290	0.206107	1.064557
0.686768	0.579834	0.902100	-4.045802	-1.732824	0.297710	1.068514
0.695312	0.582764	0.903809	-4.137405	-1.725191	0.564885	1.072472
0.687744	0.581055	0.901611	-3.977099	-1.870229	0.320611	1.076433
0.684082	0.582764	0.906006	-4.221374	-1.725191	0.160305	1.080388
0.689453	0.584961	0.902588	-4.038168	-1.679389	0.587786	1.084347
0.688721	0.572266	0.903564	-3.954198	-1.656489	0.343511	1.088306
0.690918	0.578369	0.895752	-4.045802	-1.786260	0.320611	1.092263
0.690430	0.576904	0.904297	-4.083969	-1.679389	0.412214	1.096218
0.692139	0.581055	0.889160	-4.145038	-1.580153	0.816794	1.100176
0.685547	0.564941	0.905029	-4.083969	-1.770992	0.137405	1.104136
0.687744	0.579590	0.902588	-4.015267	-1.633588	0.381679	1.108094
0.695068	0.580566	0.901123	-3.938931	-1.641221	0.778626	1.112050
0.685791	0.587891	0.897949	-4.061069	-1.709924	0.503817	1.116010
0.690674	0.582275	0.904785	-4.251908	-1.587786	0.229008	1.119969
0.687012	0.579102	0.907471	-3.969466	-1.610687	0.503817	1.123931
0.687012	0.578125	0.896484	-4.137405	-1.885496	0.442748	1.127890
0.684326	0.587891	0.907471	-4.091603	-1.664122	0.290076	1.131847
0.688477	0.577637	0.904053	-4.175573	-1.816794	0.396947	1.135812
0.689453	0.576416	0.909180	-4.022901	-1.702290	0.549618	1.139769
0.691895	0.577637	0.902588	-4.213740	-1.778626	0.343511	1.143732
0.697754	0.579590	0.900146	-3.778626	-1.832061	0.106870	1.147692
0.683838	0.579590	0.904785	-4.083969	-1.786260	0.709924	1.151650
0.691406	0.581543	0.891357	-3.916031	-1.748092	0.236641	1.155612
0.693604	0.586914	0.904541	-4.198473	-1.641221	0.519084	1.159573
0.688721	0.581543	0.896484	-4.083969	-1.832061	0.557252	1.163534
0.687500	0.576172	0.896240	-4.083969	-1.595420	0.480916	1.167493
0.690186	0.581055	0.891113	-4.068702	-1.687023	0.305344	1.171449
0.687500	0.578613	0.897705	-4.106870	-1.717557	0.381679	1.175412
0.691162	0.586426	0.905762	-4.038168	-1.496183	0.442748	1.179368
0.700195	0.583252	0.898926	-4.145038	-1.816794	0.320611	1.183326
0.691895	0.577393	0.896484	-4.145038	-1.786260	0.511450	1.187283
0.693115	0.578613	0.903320	-3.992366	-1.793893	0.526718	1.191243
0.691406	0.577393	0.901855	-4.137405	-1.717557	0.236641	1.195206
0.689453	0.576416	0.899170	-3.908397	-1.732824	0.160305	1.199163
0.684082	0.580078	0.901367	-4.167939	-1.793893	0.648855	1.203122
0.691162	0.582031	0.899414	-4.099237	-1.862595	0.343511	1.207083
0.691162	0.578857	0.900879	-4.183206	-1.717557	0.053435	1.211040
0.693115	0.578857	0.903320	-5.854962	-1.709924	0.603053	1.215005
0.691650	0.577637	0.905273	-4.122137	-1.786260	0.435115	1.218961
0.688721	0.580078	0.903320	-3.923664	-1.816794	0.198473	1.222928
0.686035	0.580078	0.895996	-4.129771	-1.862595	0.282443	1.226887
0.688965	0.577393	0.895752	-1.961832	-1.870229	0.473282	1.230846
0.690186	0.580322	0.906494	-4.099237	-1.732824	0.183206	1.234844
0.691406	0.578613	0.909668	-4.145038	-1.755725	0.190840	1.238807
0.686279	0.579590	0.897949	-4.053435	-1.717557	0.610687	1.242771
0.686035	0.581787	0.906982	-4.068702	-1.694656	0.511450	1.246731
0.692383	0.578125	0.901855	-4.000000	-1.717557	0.351145	1.250690
0.693848	0.576904	0.904541	-4.160305	-1.717557	0.412214	1.254704
0.684814	0.586914	0.906250	-4.076336	-1.770992	0.633588	1.258662
0.691162	0.576660	0.897705	-4.137405	-1.603053	0.389313	1.262630
0.688477	0.575928	0.900635	-3.969466	-1.656489	0.229008	1.269158
0.695557	0.583496	0.903076	-4.061069	-1.801527	0.389313	1.275796
0.688721	0.566650	0.904785	-4.290076	-1.763359	0.595420	1.282432
0.697021	0.578125	0.902588	-4.137405	-1.832061	0.427481	1.289064
0.694092	0.581787	0.901611	-4.091603	-1.801527	0.328244	1.295701
0.687988	0.581787	0.907471	-3.984733	-1.908397	0.213740	1.302339
0.692139	0.579346	0.900146	-4.083969	-1.618321	0.282443	1.308971
0.695557	0.583984	0.912598	-4.229008	-1.725191	0.564885	1.315612
0.692871	0.567871	0.899414	-4.045802	-1.618321	0.557252	1.322280
0.690918	0.583740	0.903320	-3.961832	-1.694656	0.465649	1.328914
0.691406	0.584229	0.892578	-4.167939	-1.786260	0.160305	1.335584
0.691162	0.582764	0.901123	-4.198473	-1.603053	0.091603	1.342219
0.690918	0.566162	0.901855	-4.061069	-1.671756	0.297710	1.348880
0.701416	0.585449	0.901855	-3.946565	-1.587786	0.572519	1.355550
0.687988	0.577637	0.909912	-4.160305	-1.564885	0.564885	1.362183
0.687744	0.577148	0.905273	-4.274809	-1.870229	0.244275	1.368979
0.683838	0.578857	0.906006	-4.198473	-1.656489	0.106870	1.375619
0.692383	0.582275	0.896729	-4.068702	-1.618321	0.229008	1.382282
0.690430	0.574951	0.901611	-3.908397	-1.854962	0.198473	1.388918
0.692627	0.582764	0.902344	-4.083969	-1.770992	0.404580	1.395590
0.693604	0.581787	0.903320	-4.152672	-1.969466	0.534351	1.402263
0.694336	0.575195	0.906006	-4.007634	-1.618321	0.175573	1.408896
0.691895	0.576172	0.900391	-4.061069	-1.755725	0.320611	1.415570
0.685791	0.582764	0.899658	-4.045802	-1.748092	0.229008	1.422199
0.688965	0.579346	0.916992	-4.106870	-1.801527	0.435115	1.428873
0.687744	0.581787	0.905029	-3.946565	-1.648855	0.503817	1.435565
0.689697	0.575928	0.900879	-4.053435	-1.809160	0.618321	1.442195
0.689697	0.575439	0.891357	-4.137405	-1.610687	0.267176	1.448860
0.694092	0.580078	0.906982	-4.022901	-1.732824	0.129771	1.455593
0.687500	0.581787	0.898682	-4.061069	-1.778626	0.465649	1.462302
0.698242	0.580322	0.900146	-4.007634	-1.603053	0.541985	1.468938
0.684814	0.585449	0.893066	-3.984733	-1.885496	0.580153	1.475605
0.687988	0.583496	0.896729	-3.992366	-1.900763	0.335878	1.482275
0.685059	0.580322	0.906738	-3.992366	-1.641221	0.190840	1.488907
0.695068	0.583008	0.898926	-4.022901	-1.587786	0.396947	1.495577
0.693848	0.587158	0.899414	-4.099237	-1.793893	0.488550	1.502208
0.697754	0.582520	0.904541	-3.885496	-1.732824	0.541985	1.508877
0.690186	0.584717	0.896973	-4.091603	-1.786260	0.587786	1.515552
0.691895	0.586426	0.901855	-4.099237	-1.755725	0.160305	1.522186
0.691406	0.593506	0.899414	-4.160305	-1.816794	0.244275	1.528852
0.688965	0.578613	0.900146	-4.167939	-1.748092	0.488550	1.535523
0.692871	0.574219	0.902344	-4.030534	-1.625954	0.564885	1.542159
0.691406	0.593506	0.899414	-4.068702	-1.740458	0.625954	1.548825
0.689453	0.584717	0.901123	-4.061069	-1.786260	0.442748	1.555457
0.687500	0.585693	0.902832	-4.389313	-1.687023	0.251908	1.562092
0.690674	0.578125	0.903564	-4.076336	-1.946565	0.450382	1.568725
0.686768	0.576904	0.902100	-4.091603	-1.671756	0.488550	1.575359
0.685059	0.580078	0.894287	-4.000000	-1.732824	0.603053	1.581993
0.689697	0.578125	0.896973	-5.862595	-1.809160	0.511450	1.588661
0.685059	0.586426	0.903564	-4.129771	-1.809160	0.412214	1.595327
0.677490	0.582520	0.897461	-4.091603	-1.839695	0.183206	1.601960
0.690186	0.581787	0.899902	-4.068702	-1.717557	0.267176	1.608634
0.692383	0.578857	0.890869	-4.061069	-1.725191	0.442748	1.615309
0.687744	0.583984	0.897461	-4.068702	-1.809160	0.786260	1.621945
0.701416	0.580811	0.900879	-3.946565	-1.725191	0.511450	1.628660
0.692139	0.580078	0.902344	-4.053435	-1.572519	0.206107	1.635335
0.685059	0.578613	0.902100	-4.061069	-1.931298	0.167939	1.641969
0.687744	0.580566	0.893799	-3.824427	-1.755725	0.312977	1.648649
0.691406	0.585205	0.897949	-4.083969	-1.725191	0.648855	1.655435
0.687500	0.579590	0.908691	-3.992366	-1.755725	0.450382	1.662396
0.693604	0.580078	0.908691	-4.229008	-1.709924	0.435115	1.669311
0.696533	0.583496	0.903564	-4.068702	-1.717557	0.396947	1.675962
0.694092	0.578857	0.899902	-4.213740	-1.709924	0.320611	1.682600
0.694092	0.582520	0.906494	-4.160305	-1.572519	0.473282	1.689235
0.691650	0.564697	0.903320	-4.076336	-1.687023	0.633588	1.695873
0.691406	0.586182	0.906006	-4.030534	-1.862595	0.503817	1.702532
0.690430	0.584961	0.902588	-4.167939	-1.671756	0.389313	1.709171
0.694336	0.581299	0.909912	-4.045802	-1.832061	0.068702	1.715853
0.689697	0.585693	0.900635	-4.122137	-1.732824	0.175573	1.722519
0.686035	0.578857	0.901855	-4.175573	-1.770992	0.732824	1.729157
0.692383	0.584473	0.907715	-4.343511	-1.839695	0.694656	1.735795
0.685547	0.583496	0.902832	-3.839695	-1.770992	0.557252	1.742440
0.687256	0.579346	0.906982	-4.000000	-1.862595	0.297710	1.749076
0.689697	0.582764	0.903076	-4.122137	-1.564885	0.282443	1.755712
0.695068	0.578125	0.901611	-4.206107	-1.702290	0.519084	1.762347
0.693115	0.575928	0.901611	-3.961832	-1.709924	0.709924	1.768988
0.689697	0.578857	0.920410	-4.152672	-1.755725	0.473282	1.775621
0.692383	0.578613	0.907227	-4.152672	-1.839695	0.274809	1.782280
0.693604	0.581787	0.910645	-4.022901	-1.709924	0.312977	1.788918
0.688477	0.576172	0.902100	-3.885496	-1.908397	0.381679	1.795595
0.695801	0.577637	0.903076	-4.145038	-1.748092	0.419847	1.802260
0.691406	0.574951	0.900879	-4.068702	-1.755725	0.435115	1.808895
0.677979	0.577148	0.892822	-4.122137	-1.862595	0.519084	1.815579
0.689453	0.580811	0.901611	-4.061069	-1.618321	0.198473	1.822216
0.691895	0.580322	0.893311	-4.114504	-1.793893	0.389313	1.828881
0.688477	0.578613	0.899414	-4.114504	-1.725191	0.320611	1.835554
0.688965	0.583984	0.900879	-4.061069	-1.870229	0.564885	1.842192
0.691895	0.580078	0.904785	-4.022901	-1.618321	0.465649	1.848865
0.687500	0.585938	0.907471	-4.083969	-1.816794	0.351145	1.855535
0.690918	0.578125	0.904541	-4.068702	-1.725191	0.290076	1.862174
0.687256	0.579590	0.905762	-3.969466	-1.694656	0.045802	1.868878
0.690918	0.581299	0.906250	-4.221374	-1.824427	0.236641	1.875542
0.690918	0.578613	0.915527	-4.083969	-1.717557	0.549618	1.882174
0.688477	0.582275	0.898926	-4.022901	-1.801527	0.641221	1.888843
0.695801	0.581787	0.898926	-5.862595	-1.694656	0.335878	1.895511
0.691406	0.577148	0.896973	-4.099237	-1.755725	0.114504	1.902143
0.696777	0.579102	0.908447	-1.969466	-1.679389	0.480916	1.908781
0.687988	0.583252	0.899902	-4.137405	-1.664122	0.572519	1.915420
0.687256	0.588623	0.907471	-3.961832	-1.885496	0.526718	1.922053
0.672119	0.572510	0.916016	-4.282443	-1.732824	0.557252	1.928686
0.695557	0.578857	0.910645	-4.122137	-1.671756	0.083969	1.935344
0.686279	0.578613	0.906006	-4.183206	-1.763359	0.015267	1.941981
0.701416	0.577637	0.900146	-4.076336	-1.900763	0.190840	1.948646
0.687988	0.576172	0.906250	-4.038168	-1.595420	0.381679	1.955373
0.692383	0.589844	0.905273	-4.251908	-1.625954	0.549618	1.962009
0.691650	0.581299	0.897461	-4.114504	-1.893130	0.534351	1.968688
0.687500	0.578857	0.900146	-4.015267	-1.770992	0.343511	1.975347
0.689453	0.579346	0.898438	-3.931298	-1.923664	0.167939	1.981985
0.692871	0.582275	0.897705	-3.854962	-1.587786	0.236641	1.988650
0.672607	0.587891	0.896729	-4.175573	-1.595420	0.381679	1.995320
0.687744	0.583984	0.906006	-4.167939	-1.763359	0.458015	2.001959
0.695801	0.582275	0.900146	-4.160305	-1.832061	0.427481	2.008630
0.686279	0.579590	0.899170	-4.129771	-1.694656	0.343511	2.015265
0.689697	0.577393	0.912109	-4.213740	-1.725191	0.396947	2.021898
0.687988	0.578613	0.908691	-4.000000	-1.862595	0.541985	2.028531
0.690674	0.580322	0.917969	-4.160305	-1.900763	0.595420	2.035166
0.691162	0.582275	0.899902	-4.000000	-1.625954	0.496183	2.041911
0.686768	0.580322	0.904297	-4.045802	-1.763359	0.343511	2.048556
0.692871	0.579102	0.900146	-4.259542	-1.656489	0.122137	2.055199
0.687256	0.578857	0.901123	-4.099237	-1.717557	0.305344	2.061830
0.693115	0.573975	0.899170	-4.244275	-1.709924	0.572519	2.068465
0.687012	0.575684	0.900391	-3.908397	-1.839695	0.534351	2.075105
0.673340	0.580566	0.894287	-4.114504	-1.809160	0.496183	2.081737
0.685547	0.583496	0.898193	-4.236641	-1.801527	0.251908	2.088439
0.684814	0.582764	0.891602	-4.145038	-1.648855	0.274809	2.095111
0.682861	0.583496	0.907471	-3.916031	-1.763359	0.572519	2.101877
0.680420	0.582031	0.890869	-5.839695	-1.763359	0.419847	2.108517
0.693604	0.579834	0.901611	-3.977099	-1.549618	0.480916	2.115152
0.689697	0.583740	0.899170	-4.045802	-1.748092	0.259542	2.121781
0.692383	0.580322	0.916504	-4.068702	-1.839695	0.358779	2.128416
0.691162	0.576660	0.893555	-4.015267	-1.633588	0.282443	2.135071
0.695312	0.581299	0.901367	-4.129771	-1.801527	0.282443	2.141705
0.689941	0.580322	0.895508	-4.106870	-1.770992	0.435115	2.148381
0.689697	0.573975	0.906494	-4.106870	-1.648855	0.290076	2.155019
0.688721	0.575928	0.904541	-4.114504	-1.877863	0.213740	2.161652
0.687744	0.578369	0.910889	-4.030534	-1.740458	0.045802	2.168284
0.691650	0.578613	0.898682	-4.091603	-1.854962	0.335878	2.174916
0.686523	0.566895	0.903809	-4.236641	-1.656489	0.702290	2.181547
0.692627	0.579102	0.899414	-3.938931	-1.702290	0.633588	2.188182
0.688477	0.577393	0.907959	-4.053435	-1.664122	0.572519	2.194822
0.693848	0.590332	0.900391	-4.061069	-1.488550	0.267176	2.201456
0.686523	0.581299	0.900146	-3.961832	-1.862595	0.129771	2.208132
0.691162	0.578369	0.903076	-4.190840	-1.732824	0.458015	2.214799
0.689453	0.593506	0.903564	-3.977099	-1.870229	0.557252	2.221427
0.693604	0.581299	0.912109	-4.045802	-1.572519	0.679389	2.228063
0.673096	0.580322	0.897217	-4.061069	-1.770992	0.435115	2.234702
0.688232	0.579102	0.896973	-4.160305	-1.694656	0.282443	2.241335
0.690430	0.586914	0.900146	-4.015267	-1.748092	0.374046	2.247970
0.696289	0.578125	0.918213	-4.137405	-1.732824	0.381679	2.254608
0.689697	0.580566	0.899902	-4.053435	-1.763359	0.664122	2.261241
0.695068	0.582764	0.904297	-4.229008	-1.801527	0.687023	2.267920
0.675537	0.580078	0.894775	-4.114504	-1.793893	0.381679	2.274560
0.690918	0.575928	0.897949	-3.984733	-1.854962	0.213740	2.281189
0.688232	0.580322	0.895020	-4.206107	-1.725191	0.442748	2.287829
0.685547	0.579590	0.921631	-4.053435	-1.900763	0.511450	2.294470
0.687256	0.580078	0.906494	-4.091603	-1.671756	0.778626	2.301109
0.691650	0.580078	0.900635	-3.931298	-1.877863	0.618321	2.307747
0.688232	0.572998	0.896484	-4.053435	-1.641221	0.167939	2.314382
0.687500	0.579590	0.890137	-4.129771	-1.786260	0.328244	2.321022
0.693359	0.592773	0.898926	-4.091603	-1.633588	0.297710	2.327656
0.690186	0.578369	0.909668	-4.038168	-1.664122	0.664122	2.334312
0.689697	0.576904	0.901611	-5.824427	-1.954198	0.801527	2.340944
0.692871	0.593506	0.908203	-4.083969	-1.778626	0.351145	2.347608
0.688721	0.582031	0.901855	-4.007634	-1.847328	0.083969	2.354248
0.690186	0.584717	0.905273	-4.045802	-1.793893	0.221374	2.360881
0.690430	0.568604	0.900879	-3.877863	-1.755725	0.488550	2.367529
0.691895	0.578125	0.898438	-4.129771	-1.732824	0.534351	2.374172
0.672363	0.581055	0.899902	-4.236641	-1.740458	0.702290	2.380808
0.691895	0.583496	0.904541	-4.351145	-1.809160	0.335878	2.387442
0.689941	0.580811	0.904053	-3.946565	-1.664122	0.274809	2.394075
0.674316	0.580078	0.906250	-4.045802	-1.641221	0.328244	2.400709
0.690430	0.575439	0.896240	-4.122137	-1.763359	0.557252	2.407370
0.695801	0.582275	0.898926	-4.076336	-1.671756	0.786260	2.414042
0.692871	0.579590	0.920898	-3.969466	-1.702290	0.450382	2.420675
0.688477	0.582275	0.907959	-3.992366	-1.839695	0.328244	2.427310
0.692627	0.576904	0.900635	-4.183206	-1.748092	0.122137	2.433945
0.672363	0.579346	0.899414	-4.106870	-1.725191	0.122137	2.440576
0.692871	0.580078	0.899902	-4.068702	-1.778626	0.259542	2.447208
0.687988	0.592773	0.903320	-4.114504	-1.755725	0.435115	2.453970
0.701172	0.572510	0.903076	-4.152672	-1.793893	0.396947	2.460608
0.688477	0.573730	0.904785	-4.175573	-1.702290	0.358779	2.467250
0.689941	0.582764	0.900635	-4.129771	-1.908397	0.175573	2.473887
0.698242	0.578369	0.905273	-3.900763	-1.587786	0.251908	2.480519
0.685791	0.579102	0.914795	-4.114504	-1.648855	0.511450	2.487161
0.692627	0.578857	0.905273	-4.045802	-1.770992	0.725191	2.493811
0.688965	0.562500	0.900879	-4.091603	-1.603053	0.435115	2.500598
0.683838	0.582031	0.903320	-4.038168	-1.801527	0.106870	2.507389
0.691406	0.579834	0.919922	-4.167939	-1.755725	0.167939	2.514105
0.693604	0.579346	0.897949	-4.175573	-1.709924	0.206107	2.520746
0.690430	0.581299	0.899170	-4.068702	-1.648855	0.595420	2.527385
0.688477	0.577148	0.896973	-4.038168	-1.778626	0.824427	2.534056
0.682373	0.585449	0.896729	-4.015267	-1.793893	0.297710	2.540689
0.690430	0.566895	0.893555	-4.221374	-1.656489	0.106870	2.547333
0.693604	0.571777	0.903320	-3.977099	-1.839695	0.251908	2.553970
0.690186	0.583252	0.902100	-4.167939	-1.763359	0.473282	2.560605
0.691406	0.578857	0.903076	-4.045802	-1.625954	0.671756	2.567246
0.692139	0.583496	0.910400	-4.030534	-1.603053	0.343511	2.573886
0.691162	0.578613	0.900391	-4.091603	-1.778626	0.244275	2.580524
0.696045	0.584717	0.904541	-4.022901	-1.824427	0.175573	2.587158
0.693115	0.576904	0.896973	-4.061069	-1.541985	0.190840	2.593817
0.688721	0.578857	0.896484	-3.931298	-1.572519	0.419847	2.600453
0.694580	0.581055	0.897705	-3.870229	-1.770992	0.519084	2.607118
0.690674	0.581055	0.905029	-4.137405	-1.740458	0.480916	2.613793
0.693115	0.579346	0.902344	-4.076336	-1.633588	0.335878	2.620427
0.686035	0.583984	0.902344	-3.908397	-1.793893	0.251908	2.627066
0.691650	0.592285	0.910156	-4.061069	-1.732824	0.068702	2.633706
0.688477	0.582520	0.903320	-4.061069	-1.679389	0.732824	2.640341
0.693848	0.577393	0.897217	-4.068702	-1.847328	0.748092	2.646976
0.693848	0.581299	0.902832	-4.099237	-1.770992	0.335878	2.653610
0.690918	0.574463	0.897461	-4.061069	-1.702290	0.282443	2.660239
0.673096	0.574951	0.909912	-4.038168	-1.633588	0.374046	2.666906
0.687500	0.588867	0.899170	-4.045802	-1.564885	0.687023	2.673553
0.693604	0.585205	0.903809	-4.091603	-1.763359	0.435115	2.680186
0.702881	0.578857	0.901611	-4.129771	-1.832061	0.442748	2.686855
0.692871	0.580078	0.904297	-3.977099	-1.740458	0.396947	2.693490
0.690186	0.578125	0.902344	-4.000000	-1.832061	0.320611	2.700123
0.688965	0.587646	0.901611	-4.053435	-1.770992	0.458015	2.706761
0.689697	0.580322	0.900879	-4.083969	-1.664122	0.519084	2.713398
0.693115	0.579590	0.900879	-5.778626	-1.916031	0.664122	2.720031
0.692383	0.577393	0.906738	-4.061069	-1.793893	0.404580	2.726667
0.691650	0.576904	0.896484	-4.038168	-1.816794	0.404580	2.733304
0.691162	0.581787	0.897461	-4.099237	-1.732824	0.229008	2.739937
0.682373	0.583008	0.905518	-5.847328	-1.610687	0.267176	2.746602
0.687012	0.581787	0.904053	-4.045802	-1.725191	0.473282	2.753242
0.687988	0.584717	0.903564	-4.183206	-1.755725	0.198473	2.759874
0.686523	0.583984	0.908691	-4.122137	-1.740458	0.427481	2.766514
0.686279	0.581055	0.905029	-4.305344	-1.893130	0.274809	2.773154
0.694336	0.579346	0.907715	-3.977099	-1.641221	0.152672	2.779791
0.691162	0.577393	0.903564	-4.038168	-1.778626	0.374046	2.786432
0.699219	0.581787	0.895264	-3.847328	-1.664122	0.671756	2.793068
0.694092	0.579834	0.899170	-3.923664	-1.748092	0.374046	2.799702
0.687256	0.576660	0.895752	-3.977099	-1.679389	0.496183	2.806363
0.691650	0.580811	0.917725	-4.129771	-1.862595	0.160305	2.813024
0.688965	0.580811	0.902100	-4.206107	-1.755725	0.374046	2.819655
0.686768	0.584717	0.900635	-4.068702	-1.862595	0.603053	2.826293
0.690918	0.579346	0.890625	-3.954198	-1.816794	0.648855	2.832930
0.691406	0.581055	0.903320	-4.045802	-1.610687	0.305344	2.839561
0.688965	0.578369	0.899902	-4.297710	-1.679389	0.389313	2.846203
0.684326	0.582520	0.891846	-4.022901	-1.801527	0.213740	2.852839
0.687744	0.584717	0.903809	-3.969466	-1.740458	0.450382	2.859471
0.691406	0.576660	0.898682	-3.862595	-1.801527	0.473282	2.866238
0.692383	0.577393	0.906494	-3.893130	-1.641221	0.450382	2.872887
0.690918	0.579346	0.899902	-4.015267	-1.725191	0.473282	2.879519
0.694336	0.585205	0.902588	-4.068702	-1.687023	0.458015	2.886495
0.686035	0.582031	0.896484	-4.145038	-1.770992	0.251908	2.893834
0.687256	0.578125	0.902588	-4.137405	-1.801527	0.450382	2.900573
0.686523	0.578125	0.894287	-4.076336	-1.702290	0.641221	2.907243
0.685059	0.580566	0.901855	-4.061069	-1.648855	0.412214	2.913881
0.692871	0.585449	0.904541	-3.969466	-1.824427	0.206107	2.920521
0.684814	0.581055	0.900391	-4.022901	-1.625954	0.229008	2.927335
0.687012	0.587891	0.902100	-3.954198	-1.900763	0.488550	2.933977
0.687744	0.584961	0.893311	-4.137405	-1.656489	0.625954	2.940615
0.684814	0.582520	0.907959	-4.053435	-1.923664	0.526718	2.947315
0.692139	0.576416	0.921143	-4.221374	-1.748092	0.366412	2.954081
0.690674	0.571533	0.906250	-4.076336	-3.893130	0.435115	2.960726
0.688965	0.562988	0.895020	-4.129771	-1.885496	0.442748	2.967430
0.689941	0.579590	0.907959	-4.198473	-1.732824	0.610687	2.974081
0.686523	0.580811	0.905518	-1.977099	-1.748092	0.664122	2.980768
0.687256	0.581543	0.891846	-3.946565	-1.870229	0.351145	2.987418
0.685059	0.582764	0.898926	-4.061069	-1.893130	0.083969	2.994063
0.702393	0.582031	0.918701	-4.129771	-1.664122	0.274809	3.000701
0.694336	0.580322	0.901123	-4.099237	-1.709924	0.351145	3.007367
0.687744	0.575195	0.906738	-4.213740	-1.786260	0.687023	3.014043
0.687500	0.572266	0.901367	-4.213740	-1.748092	0.404580	3.020690
0.692139	0.574463	0.898438	-4.244275	-1.824427	0.244275	3.027369
0.694824	0.585693	0.903076	-4.053435	-1.870229	0.045802	3.034047
0.688477	0.569336	0.907471	-4.061069	-1.648855	0.381679	3.040965
0.682129	0.583496	0.905273	-4.145038	-1.725191	0.610687	3.047639
0.685791	0.584229	0.901855	-4.129771	-1.541985	0.679389	3.054314
0.690186	0.581787	0.913086	-4.091603	-1.786260	0.404580	3.061091
0.694336	0.585449	0.898682	-4.053435	-1.732824	0.343511	3.067822
0.691406	0.579346	0.906982	-4.007634	-1.763359	0.259542	3.074501
0.687256	0.582031	0.903076	-3.938931	-1.755725	0.572519	3.081512
0.686768	0.583252	0.891113	-4.106870	-1.687023	0.412214	3.088187
0.689941	0.582031	0.900879	-4.030534	-1.809160	0.259542	3.094833
0.690186	0.573975	0.900146	-4.007634	-1.587786	0.396947	3.101467
0.692627	0.575928	0.919678	-4.122137	-1.839695	0.290076	3.108141
0.686523	0.580566	0.902832	-3.923664	-1.793893	0.534351	3.114808
0.688965	0.582031	0.907715	-4.045802	-1.816794	0.419847	3.121443
0.685303	0.583008	0.901855	-4.053435	-1.580153	0.664122	3.128084
0.687988	0.582520	0.898193	-4.099237	-1.664122	0.366412	3.134719
0.688965	0.587158	0.909180	-3.916031	-1.702290	0.213740	3.141352
0.689209	0.579590	0.899902	-4.091603	-1.816794	0.305344	3.147985
0.686768	0.583740	0.899658	-4.038168	-1.763359	0.480916	3.154624
0.690186	0.577148	0.904785	-5.862595	-1.816794	0.480916	3.161258
0.682861	0.575195	0.902588	-4.106870	-1.770992	0.404580	3.167918
0.693115	0.583252	0.908936	-4.083969	-1.923664	0.412214	3.174663
0.690186	0.583008	0.902100	-4.152672	-1.801527	0.244275	3.181465
0.692627	0.583252	0.903320	-4.091603	-1.664122	0.435115	3.188273
0.690430	0.578125	0.899170	-4.183206	-1.740458	0.572519	3.194914
0.693115	0.572510	0.905273	-4.045802	-1.885496	0.633588	3.201549
0.692871	0.574707	0.894775	-4.167939	-1.801527	0.366412	3.208182
0.691162	0.580322	0.903076	-4.145038	-1.679389	0.167939	3.214931
0.686035	0.578613	0.899902	-4.183206	-1.595420	0.244275	3.221664
0.688721	0.581299	0.909912	-4.160305	-1.587786	0.480916	3.228307
0.687500	0.580811	0.897705	-3.938931	-1.778626	0.778626	3.235161
0.688477	0.580566	0.897461	-4.015267	-1.938931	0.312977	3.241809
0.689453	0.579834	0.903320	-4.167939	-1.725191	0.389313	3.248449
0.702637	0.576172	0.920166	-4.167939	-1.702290	0.106870	3.255088
0.693115	0.580322	0.898193	-4.045802	-1.740458	0.374046	3.261721
0.685303	0.581787	0.892090	-4.099237	-1.809160	0.603053	3.268426
0.691650	0.578857	0.907471	-4.007634	-1.679389	0.572519	3.275193
0.686768	0.584473	0.898682	-4.175573	-1.877863	0.297710	3.282304
0.674316	0.583252	0.896729	-4.183206	-1.748092	0.244275	3.288954
0.690430	0.583740	0.896973	-2.022901	-1.702290	0.534351	3.295627
0.694092	0.590576	0.895996	-4.076336	-1.755725	0.580153	3.302296
0.687988	0.580811	0.896973	-4.030534	-1.664122	0.618321	3.308978
0.696533	0.580811	0.903076	-4.022901	-1.778626	0.404580	3.315623
0.691406	0.565918	0.900879	-4.122137	-3.900763	0.198473	3.322319
0.689697	0.579834	0.899414	-4.083969	-1.870229	0.305344	3.328962
0.691406	0.580322	0.902588	-4.091603	-1.633588	0.396947	3.335617
0.690674	0.582031	0.905518	-4.137405	-1.603053	0.473282	3.342275
0.685059	0.592041	0.911133	-4.083969	-1.893130	0.587786	3.348992
0.688477	0.582031	0.896484	-4.129771	-1.664122	0.244275	3.355631
0.688965	0.576904	0.895752	-4.007634	-1.702290	0.183206	3.362408
0.690430	0.572998	0.903809	-3.961832	-1.740458	0.305344	3.369051
0.689453	0.575195	0.898926	-4.007634	-1.526718	0.603053	3.375851
0.692871	0.585205	0.901123	-4.122137	-1.755725	0.618321	3.382608
0.693359	0.579346	0.893799	-4.099237	-1.778626	0.412214	3.389248
0.693359	0.582031	0.903809	-5.832061	-1.679389	0.396947	3.395890
0.682129	0.584473	0.903076	-4.068702	-1.748092	0.251908	3.402539
0.692383	0.580811	0.891357	-4.076336	-1.839695	0.496183	3.409172
0.688721	0.581543	0.897461	-4.206107	-1.786260	0.687023	3.415809
0.696289	0.580566	0.904541	-3.992366	-1.809160	0.641221	3.422444
0.677246	0.585205	0.901123	-4.053435	-1.717557	0.534351	3.429113
0.689941	0.584229	0.897949	-4.007634	-1.709924	0.450382	3.435753
0.689697	0.584717	0.899902	-4.175573	-1.816794	0.396947	3.442385
0.687744	0.578125	0.910156	-3.801527	-1.526718	0.442748	3.449097
0.693359	0.584961	0.903564	-4.076336	-1.763359	0.450382	3.455796
0.688232	0.579590	0.894531	-4.129771	-1.717557	0.374046	3.462432
0.691650	0.574951	0.899658	-4.160305	-1.763359	0.282443	3.469068
0.673584	0.575684	0.898926	-3.992366	-1.671756	0.259542	3.475754
0.686035	0.575439	0.900391	-3.832061	-1.740458	0.290076	3.482389
0.692383	0.563721	0.905029	-4.160305	-1.709924	0.435115	3.489194
0.688965	0.580322	0.900391	-3.969466	-1.755725	0.396947	3.495876
0.683105	0.582764	0.899658	-3.977099	-1.687023	0.458015	3.502641
0.692871	0.583496	0.916992	-4.145038	-1.893130	0.343511	3.509351
0.697754	0.575195	0.893311	-3.992366	-1.702290	0.206107	3.516120
0.693848	0.581543	0.893311	-4.137405	-0.007634	0.274809	3.522803
0.687744	0.582031	0.901367	-4.091603	-1.839695	0.679389	3.529441
0.691162	0.580566	0.897949	-4.015267	-1.702290	0.343511	3.536112
0.687988	0.580322	0.903320	-4.076336	-1.625954	0.465649	3.542782
0.690430	0.576660	0.903076	-4.083969	-1.725191	0.122137	3.549418
0.690430	0.583008	0.906982	-4.167939	-1.603053	0.389313	3.556055
0.685547	0.580078	0.902588	-3.992366	-1.778626	0.480916	3.562690
0.688477	0.578369	0.894775	-4.015267	-1.725191	0.618321	3.569326
0.689941	0.579346	0.899902	-4.213740	-1.740458	0.374046	3.576000
0.687744	0.577881	0.900146	-4.122137	-1.702290	0.259542	3.582638
0.686279	0.579590	0.898682	-4.000000	-1.480916	0.183206	3.589275
0.702881	0.578613	0.897949	-3.992366	-1.793893	0.312977	3.595952
0.690674	0.580566	0.916504	-3.984733	-1.664122	0.503817	3.602724
0.691406	0.583740	0.901123	-4.038168	-1.778626	0.580153	3.609366
0.689209	0.582764	0.904785	-4.244275	-1.748092	0.534351	3.616606
0.690430	0.577637	0.897949	-4.091603	-1.870229	0.251908	3.623379
0.688721	0.584961	0.897705	-4.152672	-1.702290	0.473282	3.630231
0.691162	0.577393	0.900879	-3.961832	-1.679389	0.625954	3.636936
0.696289	0.573730	0.921631	-4.244275	-1.786260	0.519084	3.643577
0.687988	0.577637	0.905762	-4.083969	-1.824427	0.366412	3.650210
0.695068	0.581055	0.901611	-4.068702	-1.885496	0.320611	3.656908
0.689453	0.584473	0.892578	-4.160305	-1.725191	0.450382	3.663605
0.690674	0.574463	0.903320	-4.114504	-1.862595	0.488550	3.670241
0.696045	0.593506	0.902588	-4.145038	-1.725191	0.847328	3.676957
0.685303	0.580322	0.901367	-3.992366	-1.618321	0.541985	3.683735
0.676025	0.583984	0.901123	-4.007634	-1.725191	0.083969	3.690382
0.692383	0.577393	0.896484	-3.870229	-1.809160	0.183206	3.697147
0.688232	0.583496	0.896484	-4.053435	-1.916031	0.351145	3.703817
0.702393	0.578125	0.898438	-4.053435	-1.610687	0.541985	3.710455
0.690674	0.582520	0.898926	-4.030534	-2.000000	0.480916	3.717127
0.687012	0.582031	0.906738	-4.038168	-1.694656	0.274809	3.723807
0.690430	0.580322	0.896973	-4.114504	-1.732824	0.167939	3.730441
0.685791	0.581055	0.909180	-3.916031	-1.778626	0.351145	3.737110
0.692139	0.582031	0.900879	-4.053435	-1.801527	0.625954	3.743749
0.689941	0.583984	0.899170	-3.977099	-1.717557	0.572519	3.750387
0.689941	0.582520	0.897705	-3.977099	-1.793893	0.305344	3.757026
0.692383	0.578125	0.899902	-4.229008	-1.824427	0.290076	3.763673
0.692627	0.577148	0.901855	-5.824427	-1.793893	0.305344	3.770400
0.684814	0.592529	0.902588	-3.961832	-1.854962	0.259542	3.777106
0.697021	0.578125	0.898438	-4.007634	-1.824427	0.534351	3.783865
0.695068	0.573242	0.899170	-4.045802	-1.725191	0.671756	3.790558
0.700928	0.582764	0.893799	-4.068702	-1.832061	0.229008	3.797210
0.685303	0.585693	0.904541	-4.099237	-1.809160	0.396947	3.803852
0.691650	0.582275	0.904541	-4.114504	-1.862595	0.167939	3.810485
0.687500	0.574219	0.912842	-3.984733	-1.748092	0.465649	3.817125
0.689941	0.593506	0.900879	-3.961832	-1.656489	0.687023	3.823797
0.692627	0.584961	0.905029	-4.160305	-1.748092	0.641221	3.830432
0.687744	0.577393	0.904541	-4.061069	-3.900763	0.244275	3.837110
0.691895	0.582275	0.901123	-4.076336	-1.847328	0.221374	3.843781
0.690674	0.579590	0.891602	-4.022901	-1.778626	0.259542	3.850418
0.689697	0.580322	0.898193	-4.244275	-1.809160	0.511450	3.857060
0.688721	0.579590	0.898926	-4.259542	-1.778626	0.488550	3.863695
0.694824	0.580811	0.908203	-4.007634	-1.801527	0.328244	3.870328
0.693359	0.573730	0.903564	-3.900763	-1.832061	0.129771	3.877021
0.687500	0.579834	0.895508	-4.129771	-1.717557	0.213740	3.883661
0.691162	0.585938	0.904785	-4.053435	-1.877863	0.404580	3.890389
0.689941	0.584961	0.903564	-4.076336	-1.641221	0.580153	3.897045
0.690186	0.581543	0.890381	-3.969466	-1.671756	0.396947	3.903689
0.689697	0.583496	0.905518	-4.114504	-1.618321	0.366412	3.910321
0.681152	0.580322	0.903076	-4.061069	-1.862595	0.274809	3.916970
0.687012	0.578613	0.903076	-4.122137	-1.687023	0.351145	3.923608
0.695068	0.587402	0.901123	-3.969466	-1.862595	0.419847	3.930244
0.694580	0.582031	0.909668	-3.992366	-1.656489	0.412214	3.936877
0.701904	0.578857	0.897217	-4.190840	-1.862595	0.488550	3.943537
0.691406	0.582031	0.902344	-4.022901	-1.763359	0.213740	3.950171
0.696533	0.580078	0.902588	-4.290076	-1.786260	0.221374	3.956814
0.685791	0.579102	0.896729	-4.030534	-1.671756	0.244275	3.963489
0.685547	0.576172	0.906982	-4.106870	-1.755725	0.366412	3.970126
0.686035	0.584473	0.894775	-4.328244	-1.916031	0.641221	3.976810
0.675781	0.576660	0.907715	-4.022901	-1.770992	0.450382	3.983450
0.688477	0.577881	0.901611	-4.160305	-1.679389	0.259542	3.990081
0.688232	0.581787	0.900879	-4.030534	-1.625954	0.335878	3.996723
0.691406	0.581055	0.915771	-4.129771	-2.053435	0.244275	4.003366
0.692139	0.577881	0.906982	-4.022901	-1.793893	0.549618	4.009998
0.686768	0.582520	0.901611	-4.114504	-1.732824	0.610687	4.016638
0.693848	0.575684	0.902588	-4.137405	-1.709924	0.244275	4.023298
0.696533	0.581055	0.897949	-4.183206	-1.770992	0.213740	4.029933
0.691406	0.575439	0.903076	-4.091603	-1.893130	0.251908	4.036615
0.691162	0.577393	0.895752	-3.877863	-1.908397	0.458015	4.043289
0.691650	0.584473	0.904541	-3.977099	-1.816794	0.496183	4.049920
0.686768	0.581787	0.898926	-4.137405	-1.824427	0.687023	4.056561
0.683350	0.583496	0.898193	-4.167939	-1.816794	0.320611	4.063197
0.697266	0.577393	0.897949	-4.091603	-1.832061	0.351145	4.069829
0.689453	0.576904	0.900391	-4.053435	-1.755725	0.404580	4.076553
0.684570	0.585449	0.906006	-4.007634	-1.709924	0.404580	4.083213
0.691650	0.579346	0.897461	-4.152672	-1.809160	0.755725	4.089847
0.695557	0.583984	0.901123	-3.977099	-1.816794	0.442748	4.102406
0.690430	0.577881	0.897949	-3.816794	-1.648855	0.290076	4.109809
0.689453	0.576660	0.900635	-4.045802	-1.694656	0.549618	4.116691
0.688477	0.575684	0.895020	-4.122137	-1.809160	0.526718	4.123349
0.686768	0.582764	0.894775	-4.122137	-2.000000	0.458015	4.129984
0.691895	0.580566	0.907715	-4.000000	-1.816794	0.419847	4.136635
0.693359	0.582031	0.915527	-4.022901	-1.824427	0.175573	4.143373
0.694580	0.581055	0.902100	-3.977099	-1.732824	0.343511	4.150011
0.688721	0.583008	0.902588	-4.106870	-1.770992	0.534351	4.156651
0.690674	0.581543	0.901367	-4.091603	-1.816794	0.625954	4.163348
0.690186	0.579346	0.894287	-3.832061	-1.625954	0.465649	4.169981
0.695068	0.583008	0.899170	-4.122137	-1.793893	0.396947	4.176628
0.689697	0.576416	0.905029	-3.969466	-1.816794	0.267176	4.183300
0.691406	0.580322	0.895752	-4.068702	-1.656489	0.335878	4.189930
0.687744	0.576172	0.900391	-5.824427	-1.595420	0.656489	4.196645
0.693115	0.593262	0.906738	-4.053435	-1.717557	0.580153	4.203307
0.692627	0.583008	0.897949	-4.068702	-1.778626	0.396947	4.209939
0.692627	0.583008	0.899658	-4.167939	-1.709924	0.374046	4.216645
0.697510	0.577393	0.893066	-3.961832	-1.656489	0.312977	4.223329
0.691650	0.587158	0.898438	-4.236641	-1.725191	0.404580	4.229974
0.687012	0.582031	0.899902	-4.045802	-1.755725	0.541985	4.236663
0.694580	0.578613	0.904785	-4.183206	-1.732824	0.496183	4.243308
0.691406	0.582275	0.902832	-4.114504	-1.832061	0.305344	4.249940
0.690674	0.577637	0.915039	-4.030534	-1.603053	0.305344	4.256607
0.688232	0.586426	0.898682	-4.106870	-1.870229	0.343511	4.263244
0.688232	0.562744	0.896973	-3.977099	-1.687023	0.427481	4.269882
0.691162	0.579102	0.905762	-4.038168	-1.809160	0.595420	4.276526
0.692139	0.582520	0.897705	-3.862595	-1.633588	0.572519	4.283162
0.687744	0.583984	0.913574	-3.923664	-1.877863	0.236641	4.289799
0.694580	0.579834	0.906982	-4.015267	-1.740458	-0.160305	4.296433
0.690186	0.579590	0.914062	-3.969466	-1.595420	0.328244	4.303062
0.688965	0.564697	0.892822	-4.083969	-1.671756	0.412214	4.309700
0.694336	0.575439	0.902100	-4.053435	-1.786260	0.511450	4.316367
0.698242	0.579834	0.900391	-3.961832	-1.572519	0.610687	4.323082
0.695312	0.580811	0.912109	-4.053435	-1.847328	0.106870	4.329720
0.693359	0.582764	0.892822	-3.793893	-1.755725	0.374046	4.336366
0.682861	0.572021	0.907471	-3.969466	-1.778626	0.503817	4.343038
0.693359	0.583252	0.903809	-4.022901	-1.786260	0.580153	4.349669
0.688477	0.562988	0.907471	-4.114504	-1.847328	0.389313	4.356307
0.686035	0.579590	0.904053	-4.282443	-1.832061	0.511450	4.362953
0.689697	0.581299	0.899414	-3.870229	-1.748092	0.198473	4.369592
0.685303	0.592529	0.896729	-4.030534	-2.007634	0.343511	4.376231
0.687988	0.579102	0.901367	-3.938931	-1.687023	0.328244	4.382867
0.691650	0.581787	0.902832	-4.114504	-1.862595	0.587786	4.389500
0.692139	0.566162	0.911865	-3.992366	-1.854962	0.488550	4.396135
0.687500	0.576660	0.898438	-4.000000	-1.877863	0.412214	4.402797
0.693115	0.579102	0.902588	-4.038168	-0.038168	0.251908	4.409432
0.687012	0.574219	0.903076	-4.076336	-1.603053	0.274809	4.416098
0.694092	0.583984	0.913574	-4.099237	-1.732824	0.572519	4.422733
0.693115	0.587158	0.904297	-4.099237	-1.809160	0.603053	4.429367
0.687988	0.580322	0.898926	-4.030534	-1.847328	0.412214	4.436016
0.683105	0.578369	0.899902	-3.931298	-1.694656	0.404580	4.442653
0.687988	0.581543	0.904053	-4.076336	-1.717557	0.114504	4.449290
0.687744	0.579834	0.901123	-4.190840	-1.763359	0.114504	4.455923
0.689941	0.562988	0.894775	-4.022901	-1.900763	0.587786	4.462567
0.683838	0.577393	0.891602	-3.938931	-1.717557	0.450382	4.469199
0.688232	0.579590	0.900635	-4.061069	-1.748092	0.496183	4.475858
0.681641	0.565430	0.906738	-4.145038	-1.656489	0.374046	4.482531
0.688477	0.581299	0.898926	-4.015267	-1.755725	0.137405	4.489167
0.694336	0.580322	0.907715	-4.053435	-1.664122	0.328244	4.495810
0.690674	0.592041	0.896729	-4.167939	-1.610687	0.770992	4.502446
0.688477	0.574463	0.906738	-4.167939	-1.885496	0.389313	4.509118
0.691162	0.583740	0.905273	-4.083969	-1.809160	0.389313	4.515754
0.691650	0.578369	0.899658	-3.847328	-1.832061	0.297710	4.522390
0.698730	0.583496	0.895996	-3.748092	-1.870229	-0.183206	4.529144
0.689697	0.576416	0.894531	-3.984733	-1.618321	0.274809	4.535785
0.692871	0.575928	0.919678	-4.244275	-1.641221	0.580153	4.542425
0.693848	0.574463	0.902344	-4.145038	-1.541985	0.541985	4.549066
0.689697	0.586426	0.904541	-4.114504	-1.595420	0.465649	4.555704
0.697754	0.585693	0.902588	-4.068702	-1.770992	0.328244	4.562334
0.686279	0.584229	0.904785	-3.580153	-1.839695	0.374046	4.568966
0.693848	0.580566	0.890381	-3.809160	-1.801527	0.458015	4.575610
0.692383	0.576904	0.914062	-3.954198	-1.587786	0.442748	4.582278
0.688232	0.575684	0.895752	-4.030534	-1.671756	0.328244	4.588919
0.691650	0.562744	0.904541	-4.213740	-1.740458	0.183206	4.595583
0.675049	0.583496	0.898193	-4.419847	-1.564885	0.175573	4.602216
0.689453	0.578369	0.893555	-4.160305	-1.633588	0.404580	4.608888
0.688965	0.586182	0.914795	-4.122137	-1.541985	0.603053	4.615609
0.685791	0.579346	0.901367	-3.870229	-1.694656	0.534351	4.622279
0.693115	0.581055	0.901611	-3.977099	-1.618321	0.564885	4.628915
0.693115	0.579102	0.901855	-3.816794	-1.694656	0.183206	4.635579
0.692627	0.585205	0.909668	-3.946565	-1.641221	0.335878	4.642210
0.697510	0.579102	0.890625	-4.091603	-1.748092	0.167939	4.648885
0.690430	0.583252	0.904541	-3.969466	-1.893130	0.587786	4.655560
0.684814	0.579102	0.896240	-4.274809	-1.877863	0.557252	4.662193
0.687744	0.583984	0.892822	-4.167939	-0.007634	0.351145	4.668910
0.689209	0.578613	0.899902	-5.862595	-1.564885	0.099237	4.675580
0.687744	0.580322	0.908936	-4.015267	-1.572519	0.167939	4.682336
0.692871	0.567139	0.904297	-4.251908	-1.534351	0.519084	4.689012
0.700195	0.579834	0.913818	-4.152672	-1.816794	0.603053	4.695638
0.690430	0.584473	0.896973	-4.175573	-1.725191	0.435115	4.702292
0.688477	0.584473	0.895020	-5.824427	-1.687023	0.412214	4.709034
0.689941	0.577637	0.890625	-4.106870	-1.618321	0.160305	4.715656
0.686279	0.581055	0.900391	-4.122137	-1.564885	0.465649	4.722293
0.696289	0.564209	0.897705	-3.816794	-1.977099	0.465649	4.728926
0.689697	0.578857	0.893311	-4.061069	-1.687023	0.587786	4.735591
0.701416	0.573975	0.898682	-4.007634	-1.709924	0.351145	4.742220
0.691650	0.573975	0.899414	-4.274809	-1.946565	0.091603	4.748891
0.688965	0.578613	0.888428	-4.152672	-1.740458	0.442748	4.755574
0.674561	0.583740	0.900879	-3.885496	-1.824427	0.679389	4.762211
0.693604	0.583008	0.898926	-1.969466	-1.900763	0.656489	4.768926
0.690430	0.591797	0.901367	-3.809160	-1.977099	0.419847	4.775595
0.689209	0.582031	0.901367	-3.854962	-1.847328	0.229008	4.782262
0.675537	0.578125	0.900879	-4.015267	-1.778626	0.190840	4.788902
0.685547	0.576172	0.904297	-4.007634	-1.824427	0.274809	4.795579
0.693115	0.592285	0.904541	-4.022901	-1.801527	0.519084	4.802210
0.693115	0.585693	0.893555	-4.175573	-3.893130	0.625954	4.808878
0.688232	0.581055	0.907715	-1.961832	-1.603053	0.511450	4.815546
0.693848	0.581055	0.897705	-4.038168	-1.832061	0.206107	4.822205
0.685547	0.579590	0.902344	-3.969466	-1.839695	0.183206	4.828863
0.701172	0.583496	0.906006	-4.106870	-1.801527	0.328244	4.835504
0.691162	0.576660	0.897949	-4.114504	-1.778626	0.465649	4.842197
0.687744	0.578125	0.897461	-4.106870	-1.709924	0.656489	4.848857
0.688965	0.586182	0.902588	-4.099237	-1.816794	0.557252	4.855500
0.691162	0.578369	0.905762	-4.145038	-1.694656	0.175573	4.862129
0.688477	0.578613	0.901855	-4.083969	-1.793893	0.312977	4.868768
0.691895	0.579590	0.901855	-4.030534	-1.832061	0.450382	4.875408
0.696533	0.580811	0.895508	-4.091603	-1.809160	0.725191	4.882046
0.687988	0.563477	0.900879	-4.152672	-1.709924	0.404580	4.888683
0.693115	0.582764	0.909180	-4.053435	-1.656489	0.473282	4.895348
0.691162	0.581055	0.902100	-4.290076	-1.625954	0.190840	4.901984
0.685059	0.585693	0.906250	-2.007634	-1.664122	0.259542	4.908651
0.695557	0.578613	0.900146	-4.030534	-1.816794	0.541985	4.915323
0.689941	0.582764	0.907471	-4.068702	-1.587786	0.358779	4.921956
0.684814	0.582275	0.903076	-4.274809	-1.778626	0.541985	4.928624
0.686035	0.581543	0.907959	-3.969466	-1.893130	0.236641	4.935256
0.692383	0.576660	0.894043	-3.954198	-1.648855	0.175573	4.941982
0.686279	0.583252	0.899414	-4.007634	-1.793893	0.290076	4.948652
0.690430	0.593262	0.904297	-4.297710	-1.854962	0.572519	4.955318
0.696777	0.573730	0.907471	-4.022901	-1.839695	0.404580	4.961948
0.684814	0.584717	0.909668	-4.007634	-1.793893	0.305344	4.968580
0.688965	0.582764	0.901123	-4.129771	-1.778626	0.022901	4.975213
0.687012	0.585449	0.908447	-4.374046	-1.664122	0.267176	4.981846
0.699219	0.583496	0.898438	-4.099237	-1.610687	0.648855	4.988484
0.692627	0.583008	0.897217	-4.053435	-1.801527	0.648855	4.995125
0.695801	0.581299	0.914062	-4.137405	-1.778626	0.419847	5.001762
0.702637	0.580811	0.893066	-4.305344	-1.755725	0.244275	5.008399
0.688965	0.580322	0.903809	-4.274809	-1.725191	0.083969	5.015060
0.693848	0.583740	0.901611	-3.908397	-1.870229	0.106870	5.021698
0.690430	0.583008	0.897461	-3.969466	-1.885496	0.427481	5.028335
0.684814	0.575439	0.905029	-4.221374	-1.725191	0.755725	5.035071
0.692383	0.584473	0.907715	-4.236641	-1.587786	0.374046	5.041704
0.698730	0.581299	0.906006	-4.061069	-1.824427	0.251908	5.048424
0.690430	0.581055	0.895752	-3.931298	-0.007634	0.206107	5.055072
0.691650	0.584473	0.900879	-4.175573	-1.893130	0.389313	5.061699
0.686523	0.581055	0.906982	-4.221374	-1.755725	0.671756	5.068338
0.687988	0.579102	0.902588	-4.198473	-1.641221	0.580153	5.074973
0.697021	0.581055	0.907959	-3.946565	-1.763359	0.648855	5.081604
0.684326	0.579590	0.904297	-3.992366	-1.786260	0.267176	5.088242
0.689209	0.577881	0.915527	-4.480916	-1.587786	0.190840	5.094882
0.687256	0.584961	0.912842	-3.984733	-1.793893	0.274809	5.101655
0.687500	0.578125	0.908447	-1.984733	-1.793893	0.419847	5.108300
0.685303	0.581299	0.904297	-4.030534	-1.801527	0.274809	5.114935
0.695312	0.582520	0.897217	-4.206107	-1.809160	0.328244	5.121567
0.692627	0.579590	0.902588	-4.213740	-1.610687	0.160305	5.128215
0.688232	0.584473	0.897461	-5.847328	-1.862595	0.320611	5.134850
0.678223	0.581055	0.897217	-4.022901	-1.702290	0.389313	5.141478
0.693115	0.583740	0.903320	-4.045802	-1.748092	0.358779	5.148144
0.695801	0.583252	0.903809	-4.183206	-1.748092	0.587786	5.154812
0.674072	0.583496	0.898438	-3.923664	-1.763359	0.351145	5.161447
0.693115	0.581299	0.909424	-4.015267	-1.603053	0.038168	5.168179
0.688232	0.562744	0.903320	-4.152672	-1.847328	0.068702	5.174818
0.689941	0.574707	0.903320	-4.198473	-1.832061	0.549618	5.181456
0.695801	0.579834	0.897705	-4.083969	-1.839695	0.625954	5.188134
0.694824	0.578857	0.891357	-3.992366	-1.595420	0.458015	5.194794
0.687012	0.576416	0.907715	-3.992366	-1.847328	-0.015267	5.201422
0.674316	0.579834	0.904053	-4.183206	-1.748092	0.221374	5.208057
0.683105	0.592773	0.900391	-4.183206	-1.778626	0.312977	5.214694
0.687012	0.586426	0.903076	-3.893130	-1.816794	0.458015	5.221328
0.687744	0.574951	0.898438	-3.938931	-1.702290	0.618321	5.227973
0.688965	0.586182	0.902344	-4.114504	-1.625954	0.618321	5.234613
0.695557	0.580322	0.904053	-4.038168	-1.732824	0.183206	5.241248
0.691162	0.586670	0.916260	-4.229008	-1.717557	0.274809	5.247888
0.686279	0.583008	0.910156	-4.038168	-1.725191	0.541985	5.254552
0.688232	0.582520	0.902344	-4.022901	-1.839695	0.480916	5.261183
0.691895	0.583008	0.906982	-4.160305	-1.816794	0.648855	5.267825
0.693115	0.582520	0.899902	-4.175573	-1.755725	0.305344	5.274465
0.688232	0.579102	0.899658	-3.893130	-1.755725	0.190840	5.281097
0.686768	0.583252	0.914795	-4.053435	-1.801527	0.114504	5.287737
0.686768	0.584961	0.901123	-3.954198	-1.511450	0.366412	5.294373
0.684814	0.581055	0.906494	-4.022901	-1.763359	0.564885	5.301008
0.698242	0.582764	0.903809	-4.160305	-1.641221	0.503817	5.307648
0.682129	0.578613	0.895508	-4.114504	-1.671756	0.259542	5.314304
0.691895	0.580811	0.899414	-3.969466	-1.755725	0.083969	5.320934
0.688477	0.581543	0.910156	-4.206107	-1.755725	0.236641	5.327572
0.690918	0.584229	0.921631	-4.320611	-1.709924	0.541985	5.334207
0.687500	0.578369	0.900635	-3.862595	-1.725191	0.687023	5.340839
0.690674	0.584961	0.900146	-4.152672	-1.740458	0.580153	5.347475
0.691650	0.581055	0.921143	-4.076336	-1.702290	0.305344	5.354235
0.689209	0.574951	0.904541	-4.183206	-1.709924	0.251908	5.360872
0.689941	0.586670	0.896484	-3.977099	-1.709924	0.396947	5.367520
0.693604	0.575684	0.906494	-4.091603	-1.748092	0.648855	5.374157
0.697510	0.581299	0.903809	-3.877863	-1.809160	0.572519	5.380789
0.692383	0.579834	0.896240	-4.145038	-1.778626	0.198473	5.387426
0.685791	0.576660	0.901611	-3.862595	-1.694656	0.312977	5.394063
0.695801	0.574707	0.905762	-4.259542	-1.717557	0.160305	5.400693
0.685303	0.581055	0.901367	-3.977099	-1.870229	0.427481	5.407412
0.689941	0.583740	0.902344	-4.030534	-1.755725	0.480916	5.414059
0.699707	0.583984	0.900635	-4.167939	-1.633588	0.526718	5.420695
0.691650	0.582031	0.905518	-3.992366	-1.801527	0.274809	5.427357
0.687744	0.582764	0.894531	-4.007634	-1.572519	0.213740	5.433995
0.691162	0.580811	0.900879	-4.312977	-1.748092	0.129771	5.440626
0.687256	0.582275	0.895996	-3.984733	-1.557252	0.496183	5.447267
0.690430	0.585693	0.903320	-3.862595	-1.694656	0.404580	5.453984
0.690918	0.580078	0.901855	-4.099237	-1.824427	0.335878	5.460617
0.688721	0.585205	0.905029	-4.137405	-1.847328	0.335878	5.467260
0.687988	0.564453	0.903076	-4.229008	-3.900763	0.290076	5.473900
0.683105	0.577393	0.905273	-3.938931	-1.717557	0.572519	5.480540
0.675781	0.583984	0.898926	-4.076336	-1.755725	0.320611	5.487190
0.691162	0.582275	0.904785	-4.167939	-1.832061	0.480916	5.493824
0.694580	0.572266	0.901123	-4.061069	-1.694656	0.488550	5.500451
0.690430	0.579102	0.903809	-3.923664	-1.816794	0.358779	5.507121
0.694824	0.581543	0.900146	-3.839695	-1.465649	0.335878	5.513795
0.688965	0.592773	0.905518	-4.167939	-1.900763	-0.061069	5.520434
0.688477	0.581787	0.903809	-4.007634	-1.496183	0.732824	5.527108
0.685059	0.576416	0.897461	-4.099237	-1.587786	0.694656	5.533746
0.691162	0.579102	0.903564	-3.984733	-1.893130	0.198473	5.540378
0.687256	0.578125	0.898926	-4.137405	-1.809160	0.175573	5.547022
0.688721	0.579834	0.892090	-4.229008	-2.000000	-1.946565	5.553665
0.686768	0.579590	0.897705	-4.236641	-1.847328	0.625954	5.560304
0.689941	0.580322	0.906982	-3.893130	-1.938931	0.770992	5.566945
0.690674	0.580566	0.914062	-4.175573	-1.694656	0.625954	5.573645
0.688965	0.584229	0.896729	-1.969466	-1.702290	0.732824	5.580256
0.686035	0.576172	0.906738	-3.969466	-1.664122	-0.015267	5.586928
0.700928	0.583496	0.899170	-3.931298	-1.793893	0.259542	5.593568
0.693115	0.581787	0.910889	-4.129771	-1.725191	0.465649	5.600205
0.689941	0.579346	0.907227	-4.335878	-1.793893	0.534351	5.606871
0.691650	0.582275	0.901123	-4.106870	-1.648855	0.648855	5.613541
0.686768	0.582275	0.904297	-3.854962	-1.900763	0.320611	5.620265
0.691162	0.576904	0.906006	-3.977099	-1.870229	0.114504	5.626887
0.688232	0.575195	0.908447	-4.221374	-1.618321	0.320611	5.633545
0.690430	0.582031	0.906982	-4.297710	-1.625954	0.534351	5.640184
0.687744	0.580566	0.898926	-4.022901	-1.687023	0.633588	5.646823
0.691650	0.577148	0.898682	-3.702290	-1.633588	0.572519	5.653460
0.686523	0.579590	0.916748	-4.022901	-1.763359	0.297710	5.660096
0.691162	0.583008	0.903809	-4.015267	-1.557252	0.061069	5.666745
0.693604	0.580811	0.908447	-3.916031	-1.664122	0.320611	5.673373
0.697510	0.585693	0.895508	-4.129771	-1.740458	0.732824	5.679983
0.686279	0.579590	0.893311	-4.061069	-1.877863	0.610687	5.686621
0.689941	0.580811	0.894287	-3.992366	-1.732824	0.381679	5.693286
0.692627	0.583008	0.908447	-4.145038	-1.549618	0.053435	5.699920
0.686279	0.587402	0.906250	-4.091603	-1.748092	0.022901	5.706559
0.689697	0.584717	0.904053	-4.374046	-1.587786	0.526718	5.713229
0.686768	0.578125	0.902100	-4.022901	-1.656489	0.473282	5.719864
0.689209	0.585693	0.902100	-3.450382	-1.305344	0.931298	5.726486
0.693848	0.581299	0.894287	-3.900763	-1.702290	0.267176	5.733100
0.688477	0.574951	0.904053	-3.099237	-0.389313	0.862595	5.739733
0.690674	0.578857	0.896729	-3.358779	0.183206	1.061069	5.746370
0.681885	0.564453	0.901123	-3.122137	1.427481	2.496183	5.753033
0.653809	0.592041	0.901123	-3.732824	0.526718	6.122137	5.759663
0.692139	0.612549	0.853271	-6.992366	-12.007634	1.396947	5.766396
0.694336	0.580811	0.927246	-23.122137	-5.564885	-8.778626	5.773046
0.705811	0.509766	1.010254	-18.404580	-1.587786	-1.030534	5.779681
0.669922	0.534912	0.911133	-4.206107	1.236641	3.297710	5.786354
0.686035	0.580078	0.916504	4.412214	-0.244275	2.801527	5.792989
0.692139	0.620605	0.862793	0.778626	-2.503817	0.366412	5.799618
0.690186	0.581543	0.900391	-6.694656	-2.862595	-0.687023	5.806255
0.687012	0.573486	0.913086	-6.557252	-1.870229	0.000000	5.812889
0.690186	0.580078	0.897461	-3.335878	-1.328244	0.450382	5.819523
0.693604	0.583008	0.905762	-3.534351	-1.671756	0.206107	5.826161
0.691162	0.578369	0.906250	-4.198473	-1.610687	0.587786	5.832796
0.691406	0.580078	0.906006	-4.099237	-1.732824	0.549618	5.839428
0.687988	0.579102	0.891846	-4.335878	-1.961832	0.137405	5.846098
0.687256	0.575684	0.895264	-5.854962	-1.862595	0.129771	5.852736
0.694824	0.572021	0.904541	-3.717557	-1.358779	0.442748	5.859365
0.693115	0.577148	0.903320	-3.801527	-1.633588	0.770992	5.865995
0.689453	0.580566	0.903564	-3.931298	-0.022901	0.564885	5.872701
0.690674	0.583740	0.898682	-5.053435	-2.122137	0.152672	5.879335
0.689941	0.579834	0.909180	-3.206107	-1.343511	0.793893	5.885973
0.700195	0.580078	0.894531	-4.137405	-1.984733	-0.137405	5.892610
0.681152	0.569824	0.908691	-4.061069	-1.282443	0.480916	5.899243
0.695557	0.580566	0.901123	-3.977099	-1.778626	0.328244	5.905877
0.693115	0.573242	0.891846	-4.320611	-3.893130	0.374046	5.912534
0.688965	0.576172	0.894043	-3.305344	-1.183206	0.870229	5.919168
0.688965	0.574951	0.907471	-3.709924	-1.618321	0.167939	5.925803
0.691650	0.575439	0.909668	-3.984733	-1.641221	0.404580	5.932431
0.694336	0.580322	0.906494	-3.763359	-1.656489	0.335878	5.939065
0.690430	0.563477	0.901855	-3.938931	-1.732824	0.526718	5.945779
0.690674	0.575684	0.897217	-5.832061	-1.633588	0.610687	5.952416
0.698486	0.575928	0.905029	-4.290076	-1.877863	0.404580	5.959047
0.691650	0.582031	0.901611	-3.946565	-1.687023	0.335878	5.965683
0.694092	0.582764	0.899658	-3.893130	-1.916031	0.282443	5.972313
0.685303	0.570068	0.902344	-3.938931	-1.526718	0.648855	5.978943
0.688965	0.584473	0.906738	-4.297710	-1.648855	0.351145	5.985609
0.687744	0.577637	0.902100	-4.236641	-1.610687	0.687023	5.992271
0.687744	0.579834	0.899170	-3.984733	-1.717557	0.633588	5.998901
0.690918	0.582520	0.902588	-3.961832	-1.778626	0.221374	6.005606
0.683350	0.593262	0.904053	-3.832061	-1.786260	0.435115	6.012217
0.691650	0.581787	0.904053	-4.206107	-2.106870	0.282443	6.018868
0.689209	0.579346	0.901123	-4.129771	-1.854962	0.709924	6.025526
0.685303	0.592773	0.903320	-3.877863	-1.603053	0.618321	6.032125
0.689453	0.579590	0.903320	-4.213740	-1.732824	0.206107	6.038744
0.684814	0.576660	0.896484	-4.015267	-1.549618	0.152672	6.045371
0.691162	0.584473	0.905762	-4.351145	-2.053435	0.297710	6.052006
0.689697	0.578125	0.908936	-4.259542	-1.534351	0.534351	6.058655
0.696289	0.580322	0.895752	-3.541985	-1.450382	0.633588	6.065375
0.692139	0.578125	0.900146	-4.206107	-1.900763	0.374046	6.072005
0.693848	0.562500	0.904785	-3.816794	-1.374046	0.488550	6.078654
0.691162	0.590088	0.916748	-3.656489	-1.625954	0.175573	6.085316
0.693604	0.574951	0.895996	-4.450382	-1.862595	0.206107	6.091946
0.693604	0.581299	0.905762	-4.099237	-1.580153	0.687023	6.098586
0.690430	0.577637	0.903320	-3.992366	-1.679389	0.656489	6.105224
0.689941	0.579834	0.909424	-4.038168	-1.938931	0.297710	6.111853
0.692871	0.583252	0.900879	-3.854962	-1.603053	0.267176	6.118497
0.689453	0.582031	0.903076	-4.236641	-1.786260	0.206107	6.125137
0.690918	0.577637	0.907959	-4.229008	-1.801527	0.389313	6.131769
0.696045	0.584229	0.901367	-3.801527	-1.526718	0.625954	6.138408
0.688965	0.584717	0.903320	-4.122137	-1.870229	0.351145	6.145069
0.702637	0.577881	0.901611	-4.068702	-1.877863	0.541985	6.151702
0.693604	0.582764	0.909180	-4.175573	-1.419847	0.511450	6.158373
0.695312	0.578125	0.910156	-4.183206	-1.862595	0.236641	6.165012
0.692871	0.578125	0.904053	-4.030534	-1.732824	0.595420	6.171645
0.690186	0.579102	0.905029	-3.961832	-1.717557	0.633588	6.178281
0.692383	0.584229	0.906982	-4.236641	-1.908397	0.389313	6.185024
0.694336	0.580566	0.905273	-4.129771	-1.725191	0.312977	6.191652
0.690674	0.579834	0.905273	-4.183206	-1.854962	0.427481	6.198285
0.691162	0.590332	0.897217	-3.877863	-1.847328	0.435115	6.204916
0.685791	0.574463	0.904053	-3.946565	-1.748092	0.404580	6.211544
0.691406	0.575439	0.896484	-4.335878	-1.977099	0.389313	6.218175
0.694824	0.562500	0.892822	-4.511450	-2.435115	0.290076	6.224827
0.687744	0.574463	0.895508	-5.244275	-2.648855	-0.389313	6.231459
0.689209	0.576660	0.913574	-5.114504	-2.580153	-0.259542	6.238155
0.693359	0.580322	0.899902	-6.190840	-2.351145	-0.244275	6.244819
0.671143	0.592529	0.890381	-8.175573	-2.595420	-0.893130	6.251452
0.690430	0.569824	0.934326	-9.648855	-0.022901	0.000000	6.258120
0.680420	0.567139	0.907715	-3.641221	0.404580	1.694656	6.264762
0.692871	0.590820	0.901123	-0.557252	0.702290	2.206107	6.271396
0.701416	0.577148	0.902832	-1.061069	0.381679	1.809160	6.278032
0.679443	0.607910	0.909180	-3.412214	-1.992366	1.770992	6.284673
0.669922	0.607666	0.885254	-5.167939	-2.786260	-1.045802	6.291377
0.690186	0.573730	0.903320	-5.145038	-2.000000	0.366412	6.298016
0.688477	0.592529	0.904053	-2.755725	-1.312977	1.618321	6.304658
0.694092	0.564453	0.910889	-4.114504	-2.427481	-0.427481	6.311294
0.688965	0.576416	0.902588	-4.251908	-1.656489	0.419847	6.317927
0.695068	0.583740	0.900146	-3.656489	-1.595420	0.633588	6.324563
0.687988	0.575928	0.906006	-4.977099	-2.290076	0.190840	6.331191
0.688477	0.582031	0.903320	-3.954198	-1.595420	0.755725	6.337824
0.694824	0.581543	0.895264	-3.763359	-1.931298	0.335878	6.344463
0.685791	0.574707	0.903076	-4.206107	-1.877863	0.312977	6.351096
0.685059	0.572754	0.914307	-4.595420	-1.557252	0.305344	6.357730
0.691162	0.578125	0.899414	-4.267176	-1.984733	0.725191	6.364367
0.685059	0.577393	0.898682	-3.854962	-1.824427	0.633588	6.371002
0.687988	0.578613	0.907471	-3.992366	-1.770992	0.541985	6.377637
0.690186	0.574707	0.920654	-4.167939	-1.816794	0.083969	6.384309
0.695801	0.572754	0.906738	-4.030534	-1.732824	0.267176	6.390940
0.690186	0.578857	0.897461	-4.083969	-1.839695	0.297710	6.397604
0.694336	0.574219	0.901855	-3.786260	-1.549618	0.610687	6.404246
0.693604	0.574951	0.895996	-4.366412	-1.473282	0.572519	6.410876
0.684082	0.589111	0.895996	-4.091603	-1.732824	0.450382	6.417515
0.691650	0.579590	0.914795	-3.961832	-1.549618	0.442748	6.424152
0.687500	0.576416	0.903320	-4.167939	-1.564885	0.297710	6.430788
0.690186	0.593018	0.909668	-4.229008	-1.564885	0.282443	6.437430
0.692871	0.576660	0.907471	-3.984733	-1.610687	0.687023	6.444065
0.674561	0.577148	0.914795	-4.045802	-1.755725	0.541985	6.450695
0.689209	0.564209	0.906250	-4.244275	-1.870229	0.526718	6.457361
0.692871	0.582520	0.896240	-3.839695	-1.977099	0.297710	6.463998
0.693115	0.576172	0.899902	-3.969466	-0.022901	0.129771	6.470631
0.695801	0.573730	0.902832	-3.977099	-1.656489	0.519084	6.477270
0.691162	0.573730	0.913574	-3.770992	-1.045802	0.755725	6.483945
0.688721	0.580322	0.902832	-3.351145	-1.068702	0.893130	6.490578
0.699707	0.571045	0.900146	-4.099237	-1.488550	0.587786	6.497214
0.693359	0.576904	0.913086	-5.847328	-0.900763	0.328244	6.503853
0.697021	0.578613	0.903320	-3.221374	-0.412214	1.396947	6.510489
0.698242	0.592529	0.892334	-3.526718	-5.328244	2.923664	6.517132
0.701172	0.604492	0.853760	-10.885496	-8.068702	-7.183206	6.523801
0.669922	0.598633	0.901123	-19.442748	-2.396947	-10.206107	6.530433
0.725342	0.528564	0.916992	-7.152672	-6.519084	-1.221374	6.537074
0.666260	0.600586	0.955322	-8.267176	-5.267176	-3.832061	6.543712
0.637695	0.608643	0.917725	-9.229008	-0.961832	-3.610687	6.550345
0.671875	0.632812	0.891357	-3.839695	-9.839695	-8.824427	6.556982
0.734863	0.613281	0.881836	-11.725191	-7.732824	-11.221374	6.563632
0.749023	0.547119	0.922852	-0.770992	-5.206107	-0.175573	6.570267
0.695068	0.524414	0.942871	-8.465649	3.763359	2.259542	6.576900
0.666260	0.553711	0.921387	-4.427481	0.175573	-1.702290	6.583559
0.705566	0.603760	0.871826	-2.396947	-9.488550	-6.969466	6.590192
0.677246	0.560791	0.938721	-7.465649	-0.610687	1.366412	6.596938
0.715576	0.595703	0.886719	-2.816794	-3.450382	0.809160	6.603732
0.691162	0.600342	0.897217	-5.282443	-8.595420	-6.717557	6.610381
0.708496	0.542480	0.934570	-6.007634	1.908397	-0.725191	6.617023
0.701904	0.577148	0.921631	-1.893130	0.320611	2.534351	6.623660
0.692627	0.580811	0.902588	-5.145038	-2.274809	-0.335878	6.630291
0.687012	0.568359	0.910400	-4.770992	-3.908397	0.427481	6.636932
0.686035	0.571289	0.905273	-2.984733	-1.351145	1.190840	6.643569
0.693115	0.578613	0.906250	-4.549618	-2.412214	1.908397	6.650201
0.688477	0.589355	0.901367	-3.984733	-1.480916	0.206107	6.656869
0.685059	0.581055	0.900879	-4.015267	-1.748092	0.122137	6.663629
0.677002	0.570801	0.910889	-4.183206	-1.351145	0.709924	6.670264
0.688477	0.571533	0.906006	-3.389313	-0.656489	1.374046	6.676901
0.704834	0.569336	0.932129	-3.755725	-3.916031	1.015267	6.683557
0.683350	0.557373	0.931641	-11.122137	-1.984733	-2.167939	6.690194
0.663818	0.475098	0.984863	-5.282443	2.114504	6.709924	6.696856
0.680420	0.586182	0.856445	-1.671756	-7.908397	-6.969466	6.703615
0.703369	0.590332	0.885742	-12.648855	-6.977099	-10.916031	6.710246
0.717285	0.528809	0.978516	-17.335878	-0.358779	-1.290076	6.716885
0.679688	0.541504	0.902832	-2.160305	-4.618321	1.450382	6.723549
0.668457	0.618652	0.870850	-1.419847	-3.488550	-5.290076	6.730195
0.676270	0.562256	0.912598	-2.961832	-1.175573	1.221374	6.736859
0.697021	0.577393	0.906006	-2.396947	-1.519084	0.885496	6.743490
0.695068	0.569092	0.911377	-5.648855	-1.801527	0.083969	6.750123
0.689941	0.574707	0.919434	-4.091603	-1.725191	0.442748	6.756761
0.689209	0.574463	0.903076	-3.580153	-1.664122	0.427481	6.763409
0.685791	0.567871	0.900391	-3.954198	-1.893130	0.358779	6.770040
0.687256	0.567871	0.901123	-5.862595	-1.877863	0.190840	6.776680
0.687500	0.571045	0.906982	-4.404580	-1.755725	0.549618	6.783315
0.688721	0.570801	0.906006	-3.954198	-1.923664	0.725191	6.789950
0.692383	0.573730	0.894531	-5.854962	-1.755725	0.458015	6.796613
0.690186	0.572754	0.895508	-3.954198	-1.755725	0.259542	6.803283
0.683838	0.564453	0.903320	-4.114504	-1.977099	-0.114504	6.809920
0.682129	0.572510	0.906250	-4.045802	-1.824427	0.251908	6.816555
0.692871	0.570068	0.894531	-4.114504	-1.748092	0.519084	6.823194
0.686279	0.575439	0.902100	-3.969466	-1.748092	0.717557	6.829827
0.695068	0.573486	0.908691	-4.236641	-1.748092	0.648855	6.836469
0.673584	0.572998	0.912598	-4.251908	-1.702290	0.114504	6.843115
0.687256	0.575195	0.907959	-4.213740	-1.603053	0.381679	6.849746
0.686523	0.576416	0.903320	-3.984733	-1.916031	0.290076	6.856381
0.701660	0.574219	0.916748	-5.854962	-1.801527	0.664122	6.863078
0.688965	0.572998	0.904785	-4.068702	-1.916031	0.786260	6.869715
0.685791	0.572754	0.902588	-4.221374	-1.923664	0.450382	6.876370
0.685791	0.573975	0.902832	-3.969466	-1.679389	0.190840	6.883037
0.689453	0.575195	0.898926	-3.900763	-1.648855	0.458015	6.889671
0.684082	0.571289	0.904053	-3.946565	-1.740458	0.396947	6.896352
0.692139	0.578369	0.905518	-4.061069	-1.610687	0.656489	6.902986
0.675293	0.574463	0.921631	-4.145038	-1.740458	0.381679	6.909619
0.686523	0.575684	0.915771	-4.007634	-1.534351	0.496183	6.916255
0.694336	0.577148	0.906738	-3.984733	-1.671756	0.198473	6.922889
0.687500	0.575195	0.901123	-4.030534	-1.748092	0.404580	6.929519
0.695801	0.578125	0.907959	-4.190840	-1.564885	0.603053	6.936159
0.693359	0.578125	0.906494	-4.091603	-1.809160	0.564885	6.942796
0.673584	0.576172	0.910645	-3.961832	-1.702290	0.427481	6.949429
0.691162	0.574219	0.919189	-3.900763	-1.809160	0.251908	6.956108
0.688232	0.569580	0.913818	-4.076336	-1.694656	0.198473	6.962814
0.685303	0.578857	0.911377	-4.068702	-1.587786	0.137405	6.969452
0.694580	0.572998	0.904785	-3.984733	-1.564885	0.519084	6.976119
0.692383	0.572266	0.905273	-3.641221	-1.236641	0.778626	6.982801
0.687744	0.578613	0.899902	-3.358779	-0.862595	1.053435	6.989440
0.702637	0.571533	0.919922	-3.229008	-1.259542	0.923664	6.996114
0.694580	0.582031	0.905273	-2.862595	-1.839695	0.748092	7.002790
0.677490	0.573242	0.906738	-4.763359	-3.625954	0.931298	7.009520
0.700928	0.627930	0.909424	-6.122137	-4.656489	-4.900763	7.016161
0.697754	0.561523	0.952393	-6.022901	-1.129771	0.916031	7.022836
0.691650	0.587402	0.900391	-0.259542	-0.297710	2.114504	7.029471
0.689209	0.575684	0.904541	-4.320611	-1.511450	-0.312977	7.036118
0.691650	0.562744	0.907471	-4.259542	-1.687023	0.236641	7.042786
0.691406	0.578613	0.901123	-3.526718	-1.320611	0.824427	7.049418
0.690674	0.565674	0.910156	-4.396947	-1.984733	0.282443	7.056053
0.690430	0.566406	0.912598	-4.251908	-1.854962	0.358779	7.062689
0.684814	0.572266	0.907471	-3.809160	-1.442748	0.870229	7.069326
0.694336	0.593018	0.915527	-3.977099	-2.000000	-0.198473	7.075958
0.689453	0.571289	0.898926	-4.473282	-1.854962	0.343511	7.082594
0.693115	0.577393	0.908447	-3.740458	-1.702290	0.603053	7.089224
0.689697	0.570557	0.907715	-4.389313	-1.969466	0.625954	7.095871
0.687012	0.568604	0.906982	-3.763359	-1.580153	0.648855	7.102533
0.695312	0.577148	0.907715	-4.068702	-1.732824	0.282443	7.109162
0.685791	0.573730	0.911133	-4.290076	-1.832061	0.335878	7.115843
0.689453	0.573730	0.903564	-3.847328	-1.824427	0.343511	7.122548
0.687988	0.572510	0.909424	-4.091603	-1.824427	0.541985	7.129180
0.692139	0.577881	0.907715	-5.832061	-1.648855	0.656489	7.135858
0.691650	0.574951	0.912109	-3.946565	-1.656489	0.427481	7.142521
0.697754	0.580078	0.891846	-4.145038	-1.633588	0.351145	7.149150
0.688477	0.576172	0.914062	-4.114504	-1.709924	0.175573	7.155782
0.691650	0.569824	0.901367	-4.152672	-1.587786	0.580153	7.162418
0.684814	0.570068	0.918701	-4.000000	-1.625954	0.679389	7.169054
0.691162	0.578125	0.902344	-4.251908	-1.755725	0.557252	7.175689
0.687012	0.570801	0.901855	-4.022901	-1.709924	0.442748	7.182325
0.672119	0.572998	0.900391	-4.183206	-1.625954	0.259542	7.188955
0.692383	0.572754	0.909180	-4.305344	-1.916031	0.396947	7.195609
0.683105	0.572998	0.905762	-3.778626	-1.564885	0.580153	7.202310
0.690918	0.578613	0.906006	-1.961832	-1.786260	0.358779	7.208984
0.690430	0.570801	0.914551	-4.175573	-1.610687	0.251908	7.215618
0.697998	0.575195	0.903564	-4.030534	-1.732824	0.442748	7.222284
0.691162	0.577148	0.902100	-4.145038	-3.893130	0.236641	7.228914
0.687256	0.573730	0.912354	-3.938931	-1.717557	0.442748	7.235611
0.689453	0.576416	0.896484	-4.106870	-1.740458	0.679389	7.242278
0.688477	0.567139	0.906982	-4.175573	-1.763359	0.618321	7.248904
0.691406	0.570557	0.907471	-3.839695	-1.755725	0.641221	7.255567
0.689941	0.573486	0.905518	-4.366412	-1.763359	-0.129771	7.262201
0.690430	0.571045	0.910156	-3.862595	-1.694656	0.236641	7.268904
0.689453	0.576904	0.901367	-3.992366	-1.801527	0.290076	7.275567
0.701172	0.570068	0.895264	-4.290076	-1.648855	0.503817	7.282199
0.697266	0.572510	0.907471	-4.061069	-1.725191	0.541985	7.288874
0.680908	0.568604	0.908691	-4.274809	-2.114504	0.068702	7.295538
0.671875	0.573242	0.910400	-4.045802	-1.656489	0.290076	7.302169
0.692627	0.571289	0.910400	-4.305344	-2.038168	-0.007634	7.308837
0.685059	0.573486	0.911377	-4.213740	-3.801527	0.358779	7.315510
0.694092	0.570801	0.905029	-3.816794	-1.793893	0.908397	7.322143
0.688232	0.571777	0.907227	-4.152672	-1.870229	0.274809	7.328782
0.686279	0.570801	0.910156	-4.145038	-1.603053	0.259542	7.335416
0.695068	0.575195	0.912598	-1.969466	-1.580153	0.167939	7.342047
0.699951	0.575439	0.907227	-4.320611	-0.022901	0.358779	7.348677
0.695068	0.573975	0.902100	-3.801527	-1.717557	0.725191	7.355334
0.688965	0.576172	0.911377	-4.076336	-1.877863	0.564885	7.361968
0.693115	0.569336	0.916260	-4.381679	-1.832061	0.335878	7.368726
0.693848	0.577881	0.905029	-3.824427	-1.679389	0.190840	7.375367
0.685059	0.577393	0.910400	-4.183206	-1.847328	0.183206	7.381996
0.693604	0.574463	0.892822	-4.045802	-1.564885	0.435115	7.388663
0.688965	0.579102	0.895020	-4.152672	-1.702290	0.732824	7.395328
0.689697	0.590820	0.902588	-4.099237	-1.732824	0.679389	7.401960
0.693115	0.573242	0.903564	-4.145038	-1.893130	0.290076	7.408626
0.689209	0.574951	0.904785	-4.022901	-1.641221	0.305344	7.415257
0.692627	0.572998	0.896240	-4.015267	-1.755725	0.045802	7.421977
0.694580	0.575195	0.907471	-3.961832	-1.870229	0.625954	7.428654
0.700928	0.570557	0.905518	-4.290076	-1.778626	0.496183	7.435318
0.687012	0.578369	0.920898	-4.068702	-3.885496	0.450382	7.441951
0.695312	0.563232	0.903809	-3.900763	-2.099237	0.305344	7.448589
0.697998	0.570557	0.921387	-4.687023	-2.480916	-0.396947	7.455235
0.695068	0.577393	0.907715	-4.702290	-2.389313	0.061069	7.461869
0.693604	0.575439	0.903076	-4.419847	-2.091603	0.282443	7.468506
0.692871	0.570801	0.908203	-4.152672	-1.679389	0.832061	7.475136
0.694336	0.572754	0.897949	-3.748092	-1.725191	0.687023	7.481774
0.689941	0.577148	0.909668	-4.221374	-1.633588	0.198473	7.488414
0.687744	0.573242	0.905518	-4.236641	-1.534351	0.557252	7.495076
0.695557	0.582764	0.896973	-4.061069	-1.801527	0.312977	7.501702
0.688965	0.563232	0.908691	-4.045802	-1.725191	0.702290	7.508335
0.688477	0.573730	0.902344	-4.015267	-1.595420	0.725191	7.514966
0.688477	0.579102	0.902100	-4.167939	-1.900763	0.251908	7.521596
0.690186	0.572754	0.908936	-4.183206	-1.610687	0.236641	7.528235
0.693115	0.577393	0.908203	-4.114504	-1.671756	0.297710	7.534869
0.690674	0.574951	0.913086	-4.297710	-1.679389	0.557252	7.541570
0.695312	0.577393	0.901123	-4.053435	-1.549618	0.687023	7.548204
0.692383	0.577148	0.903809	-4.068702	-1.870229	0.595420	7.554842
0.692627	0.570557	0.908691	-3.778626	-1.885496	0.290076	7.561470
0.693604	0.571289	0.911621	-3.984733	-1.755725	0.122137	7.568155
0.691895	0.568115	0.920654	-4.251908	-1.572519	0.328244	7.574819
0.701660	0.573975	0.917725	-4.160305	-1.793893	0.519084	7.581453
0.696533	0.571289	0.906982	-4.152672	-1.648855	0.648855	7.588126
0.694824	0.573242	0.903809	-3.931298	-1.748092	0.404580	7.594798
0.686523	0.572266	0.903809	-4.083969	-1.541985	0.190840	7.601434
0.691895	0.571533	0.895752	-4.061069	-1.786260	0.183206	7.608075
0.684326	0.569336	0.909668	-4.091603	-1.763359	0.267176	7.614706
0.695068	0.570801	0.906982	-4.076336	-1.748092	0.648855	7.621336
0.688477	0.574219	0.898438	-4.030534	-1.725191	0.763359	7.627974
0.692139	0.575684	0.900879	-3.938931	-1.687023	0.320611	7.634609
0.685791	0.568604	0.909912	-4.045802	-1.709924	0.160305	7.641241
0.689941	0.573730	0.907227	-4.160305	-1.633588	0.267176	7.647886
0.685547	0.576904	0.909668	-4.122137	-1.702290	0.312977	7.654554
0.691650	0.576416	0.909912	-3.977099	-1.755725	0.465649	7.661190
0.687500	0.572754	0.913330	-4.190840	-1.625954	0.702290	7.667829
0.694092	0.574707	0.899658	-4.099237	-1.793893	0.519084	7.674465
0.689209	0.576660	0.902100	-4.053435	-1.778626	0.335878	7.681095
0.694336	0.570068	0.906494	-3.877863	-1.801527	0.656489	7.687730
0.693604	0.575195	0.908936	-4.091603	-1.862595	0.396947	7.694363
0.691895	0.573975	0.909668	-3.992366	-1.717557	0.748092	7.700996
0.690186	0.574707	0.915283	-3.877863	-1.748092	0.694656	7.707683
0.687988	0.568359	0.910400	-3.923664	-1.885496	0.175573	7.714323
0.689453	0.591064	0.900879	-3.931298	-1.702290	0.297710	7.720957
0.694336	0.570801	0.910400	-4.167939	-1.702290	0.183206	7.727625
0.675537	0.572998	0.891113	-4.045802	-1.610687	0.648855	7.734297
0.693359	0.577881	0.910645	-1.969466	-1.732824	0.564885	7.740926
0.689453	0.578125	0.907471	-4.068702	-1.839695	0.641221	7.747564
0.673584	0.581299	0.912109	-3.938931	-1.839695	0.229008	7.754201
0.687012	0.571045	0.918945	-4.129771	-1.748092	0.183206	7.760838
0.685547	0.575195	0.900635	-4.030534	-1.740458	0.190840	7.767474
0.691650	0.566895	0.898682	-4.091603	-1.603053	0.366412	7.774107
0.688232	0.574219	0.905762	-4.221374	-1.633588	0.473282	7.780736
0.693359	0.566895	0.907715	-4.015267	-1.633588	0.419847	7.787378
0.688477	0.578125	0.917725	-4.206107	-1.793893	0.282443	7.794048
0.690430	0.581055	0.910400	-4.152672	-1.732824	0.290076	7.800676
0.691162	0.575684	0.905273	-4.015267	-1.633588	0.396947	7.807316
0.699707	0.568115	0.906982	-4.244275	-1.870229	0.480916	7.813955
0.691162	0.579346	0.920654	-4.022901	-1.732824	0.541985	7.820593
0.685791	0.578857	0.910156	-4.137405	-1.862595	0.511450	7.827228
0.688721	0.578125	0.904297	-4.045802	-1.702290	0.297710	7.833935
0.674072	0.566406	0.904297	-3.893130	-1.870229	0.114504	7.840573
0.685303	0.572510	0.904541	-4.061069	-1.687023	0.358779	7.847213
0.685059	0.571533	0.912109	-4.122137	-1.702290	0.648855	7.853844
0.691650	0.569336	0.919434	-4.022901	-1.809160	0.610687	7.860478
0.689209	0.569824	0.906738	-4.114504	-1.694656	0.374046	7.867147
0.686523	0.571045	0.910889	-4.068702	-1.923664	0.213740	7.873805
0.678223	0.565918	0.915527	-4.091603	-1.793893	0.290076	7.880439
0.688477	0.569092	0.909180	-4.076336	-1.587786	0.519084	7.887113
0.689697	0.589111	0.910889	-4.129771	-1.816794	0.641221	7.893778
0.692871	0.576904	0.910889	-3.877863	-1.877863	0.519084	7.900417
0.688477	0.576660	0.900635	-4.091603	-1.984733	0.297710	7.907056
0.696533	0.590088	0.910400	-4.190840	-1.816794	0.267176	7.913692
0.682617	0.575684	0.906982	-4.114504	-1.687023	0.351145	7.920322
0.692627	0.572266	0.906006	-3.923664	-1.549618	0.503817	7.926969
0.689453	0.569336	0.907227	-4.106870	-1.870229	0.534351	7.933603
0.694336	0.576904	0.904297	-4.137405	-1.717557	0.503817	7.940236
0.686523	0.577637	0.905518	-3.961832	-1.763359	0.511450	7.946877
0.684570	0.576660	0.904541	-4.022901	-1.603053	0.221374	7.953544
0.687988	0.575928	0.909424	-4.015267	-1.748092	0.374046	7.960242
0.675049	0.572754	0.909668	-4.114504	-1.664122	0.404580	7.966890
0.687012	0.581055	0.912354	-3.809160	-1.778626	0.580153	7.973550
0.687012	0.572510	0.908203	-4.274809	-1.648855	0.549618	7.980193
0.693359	0.575195	0.906982	-3.954198	-1.717557	0.259542	7.986867
0.684082	0.574951	0.910400	-4.122137	-1.740458	0.099237	7.993534
0.688477	0.575928	0.911377	-4.030534	-1.801527	0.488550	8.000173
0.692139	0.577637	0.900879	-3.916031	-1.702290	0.633588	8.006809
0.685303	0.578613	0.890869	-4.145038	-1.610687	0.511450	8.013444
0.688477	0.574707	0.921387	-4.137405	-1.664122	0.251908	8.020080
0.689697	0.575439	0.911865	-3.931298	-1.557252	0.183206	8.026716
0.699951	0.574951	0.894531	-4.000000	-1.816794	0.328244	8.033354
0.692871	0.575439	0.907959	-4.297710	-1.839695	0.435115	8.039987
0.692139	0.575439	0.909424	-4.015267	-1.671756	0.557252	8.046629
0.695068	0.573242	0.908936	-5.862595	-1.778626	0.648855	8.053293
0.687012	0.581299	0.901123	-4.045802	-1.671756	0.335878	8.059929
0.689697	0.562500	0.896484	-3.900763	-1.770992	0.496183	8.066632
0.683594	0.574463	0.913574	-4.068702	-1.732824	0.328244	8.073297
0.690430	0.570068	0.910156	-3.870229	-1.656489	0.473282	8.079929
0.688965	0.574951	0.902100	-4.167939	-1.610687	0.702290	8.086605
0.689697	0.570557	0.905029	-4.007634	-1.618321	0.412214	8.093239
0.692627	0.578857	0.918213	-4.137405	-1.603053	0.236641	8.099878
0.690186	0.569824	0.906982	-3.938931	-1.641221	0.183206	8.106666
0.690918	0.591797	0.903564	-3.992366	-1.786260	0.221374	8.113316
0.694336	0.570312	0.911133	-4.259542	-1.847328	0.328244	8.119949
0.687744	0.570068	0.906006	-4.061069	-1.656489	0.419847	8.126630
0.687988	0.572754	0.916992	-3.946565	-1.748092	0.335878	8.133294
0.687256	0.572754	0.910889	-4.160305	-1.763359	0.312977	8.139926
0.688232	0.572021	0.914795	-4.229008	-1.793893	0.213740	8.146597
0.694580	0.570557	0.901611	-4.099237	-1.572519	0.366412	8.153234
0.691406	0.566650	0.905273	-4.091603	-1.687023	0.595420	8.159870
0.690430	0.578125	0.890869	-4.122137	-1.687023	0.664122	8.166510
0.683105	0.592285	0.906982	-4.022901	-1.709924	0.412214	8.173144
0.693115	0.574707	0.904297	-3.961832	-1.717557	0.305344	8.179779
0.689453	0.574463	0.898193	-4.129771	-1.648855	0.229008	8.186409
0.694092	0.570557	0.906494	-3.916031	-1.778626	0.725191	8.193045
0.692383	0.572754	0.904053	-4.045802	-1.793893	0.580153	8.199671
0.695312	0.573730	0.895020	-3.931298	-1.694656	0.549618	8.206321
0.695557	0.575928	0.912842	-3.984733	-1.801527	0.396947	8.212966
0.688721	0.569092	0.908203	-4.328244	-2.038168	0.305344	8.219597
0.690186	0.573730	0.908691	-4.099237	-1.900763	0.496183	8.226237
0.692139	0.572754	0.906006	-4.198473	-1.717557	0.442748	8.232873
0.690674	0.576172	0.901611	-4.236641	-1.717557	0.496183	8.239508
0.694336	0.575195	0.907227	-3.671756	-1.488550	0.938931	8.246269
0.696777	0.583252	0.916260	-4.244275	-2.427481	-0.366412	8.252911
