0.000000	0.000000	0.000000	0.000000	0.000000	0.000000	0.004223
0.000000	0.000000	0.000000	0.000000	0.000000	0.000000	0.008313
0.043701	0.439697	1.082764	-16.908397	10.740458	-28.045802	0.012283
0.045166	0.433350	1.084717	-27.687023	20.045802	-44.694656	0.016247
0.046387	0.440674	1.079346	-45.114504	22.740458	-41.748092	0.020203
0.040283	0.431152	1.088623	0.274809	9.229008	-42.099237	0.024167
0.047119	0.442627	1.079834	-2.450382	-4.519084	-9.183206	0.028132
0.043701	0.427490	1.087158	-1.679389	-3.885496	-4.435115	0.032091
0.040771	0.435547	1.084229	-1.541985	-3.748092	-3.282443	0.036062
0.039795	0.430420	1.080322	-1.687023	-3.862595	-2.801527	0.040022
0.043213	0.430420	1.075684	-1.763359	-3.916031	-3.503817	0.043982
0.038574	0.437500	1.083008	-1.496183	-4.000000	-3.297710	0.047940
0.040283	0.437744	1.087158	-1.938931	-3.816794	-3.167939	0.051897
0.041992	0.437744	1.084229	-1.770992	-3.763359	-3.572519	0.055861
0.038330	0.434326	1.083984	-1.450382	-3.893130	-3.175573	0.059817
0.041016	0.431885	1.076416	-1.832061	-3.885496	-3.305344	0.063794
0.036865	0.438965	1.083008	-1.763359	-3.664122	-3.549618	0.067752
0.040527	0.432861	1.085449	-1.511450	-4.030534	-3.106870	0.071711
0.036133	0.436768	1.080811	-1.458015	-3.763359	-3.488550	0.075671
0.044189	0.436035	1.080078	-1.664122	-3.969466	-3.267176	0.079628
0.045654	0.433350	1.083008	-1.809160	-4.053435	-2.931298	0.083585
0.043457	0.432617	1.082764	-1.694656	-3.679389	-3.679389	0.087545
0.038086	0.432861	1.077393	-1.725191	-3.862595	-3.213740	0.091502
0.039795	0.432861	1.086914	-1.702290	-3.877863	-3.076336	0.095462
0.038818	0.435547	1.085938	-1.648855	-3.824427	-3.580153	0.099420
0.041260	0.430664	1.085449	-1.625954	-3.885496	-2.824427	0.103400
0.038818	0.435547	1.086182	-1.656489	-3.801527	-3.236641	0.107356
0.042236	0.437988	1.086670	-1.656489	-3.923664	-3.557252	0.111314
0.042236	0.435547	1.088867	-1.717557	-1.969466	-2.893130	0.115295
0.041748	0.431641	1.079590	-1.557252	-3.961832	-3.572519	0.119255
0.044922	0.436768	1.085205	-1.648855	-3.816794	-3.259542	0.123215
0.041260	0.435791	1.081543	-1.740458	-3.885496	-3.145038	0.127175
0.037354	0.435547	1.089111	-1.625954	-3.961832	-3.541985	0.131131
0.044678	0.433838	1.075195	-1.793893	-4.091603	-3.053435	0.135094
0.039795	0.430908	1.085449	-1.694656	-3.671756	-3.129771	0.139052
0.045410	0.431152	1.087402	-1.709924	-3.740458	-3.641221	0.143021
0.043701	0.436523	1.090820	-1.763359	-4.000000	-2.969466	0.146978
0.040039	0.433838	1.085205	-1.778626	-3.671756	-3.519084	0.150936
0.042480	0.434570	1.082031	-1.725191	-4.053435	-3.297710	0.154896
0.041992	0.442139	1.076660	-1.610687	-3.748092	-2.946565	0.158855
0.043213	0.434082	1.081543	-1.908397	-3.778626	-3.412214	0.162814
0.041992	0.422363	1.084229	-1.793893	-3.854962	-3.435115	0.166771
0.036865	0.435303	1.075684	-1.679389	-3.732824	-2.877863	0.170728
0.045898	0.437500	1.085205	-1.633588	-3.969466	-3.641221	0.174697
0.043701	0.435791	1.093262	-1.641221	-3.877863	-2.923664	0.178653
0.041748	0.452393	1.077881	-1.625954	-3.854962	-3.259542	0.182611
0.041260	0.435059	1.081055	-1.778626	-1.961832	-3.618321	0.186569
0.045166	0.438477	1.088379	-1.740458	-3.931298	-2.977099	0.190525
0.043457	0.427490	1.076416	-1.702290	-3.702290	-3.427481	0.194484
0.040527	0.441162	1.083984	-1.641221	-4.030534	-3.442748	0.198447
0.044922	0.436035	1.082764	-1.854962	-3.633588	-2.809160	0.202413
0.040283	0.433350	1.074951	-1.503817	-3.931298	-3.580153	0.206370
0.043457	0.434326	1.092285	-1.786260	-3.832061	-3.190840	0.210328
0.043213	0.434814	1.081299	-1.541985	-3.748092	-3.000000	0.214287
0.039062	0.435547	1.084473	-1.809160	-3.748092	-3.549618	0.218243
0.045410	0.434570	1.077881	-1.832061	-5.862595	-3.022901	0.222202
0.044434	0.431152	1.086426	-1.687023	-3.969466	-3.297710	0.226188
0.041504	0.431641	1.089111	-1.656489	-3.870229	-3.465649	0.230143
0.044678	0.432129	1.090332	-1.641221	-3.839695	-3.045802	0.234101
0.043213	0.431396	1.075439	-1.549618	-3.687023	-3.564885	0.238061
0.042969	0.430664	1.087402	-1.702290	-4.061069	-3.351145	0.242019
0.043457	0.438232	1.081055	-1.717557	-3.946565	-2.763359	0.245979
0.036621	0.436035	1.085449	-1.717557	-3.946565	-3.641221	0.250020
0.040771	0.435547	1.086914	-1.770992	-3.854962	-3.007634	0.254013
0.041748	0.435059	1.087402	-1.603053	-3.977099	-3.190840	0.257970
0.041748	0.432861	1.083984	-1.709924	-3.770992	-3.519084	0.261927
0.046875	0.436279	1.085205	-1.770992	-4.091603	-3.152672	0.265913
0.044189	0.437744	1.089111	-1.778626	-3.885496	-3.374046	0.269871
0.041016	0.438965	1.085938	-1.618321	-3.748092	-3.526718	0.273835
0.041260	0.435059	1.090088	-1.664122	-3.977099	-2.877863	0.277795
0.041504	0.434814	1.080322	-1.519084	-3.984733	-3.618321	0.281754
0.036133	0.438477	1.088135	-1.839695	-3.908397	-3.267176	0.285715
0.035889	0.438477	1.076416	-1.916031	-3.862595	-3.030534	0.289672
0.043213	0.436768	1.090088	-1.992366	-4.068702	-3.541985	0.293632
0.037354	0.434326	1.068359	-1.564885	-3.587786	-3.061069	0.297595
0.048584	0.438232	1.091064	-1.748092	-4.083969	-3.114504	0.301552
0.040527	0.439941	1.082275	-1.748092	-3.763359	-3.450382	0.305515
0.044678	0.437744	1.076172	-1.633588	-3.824427	-3.083969	0.309470
0.047363	0.431641	1.084717	-1.717557	-3.709924	-3.473282	0.313432
0.046875	0.439209	1.090820	-1.656489	-3.931298	-3.419847	0.317388
0.045898	0.436768	1.086182	-1.793893	-3.816794	-2.862595	0.321345
0.042969	0.441162	1.083984	-1.587786	-3.778626	-3.450382	0.325305
0.043701	0.434082	1.084229	-1.725191	-3.740458	-3.183206	0.329262
0.044434	0.437988	1.083252	-1.725191	-3.961832	-2.923664	0.333221
0.044922	0.437256	1.081299	-1.694656	-3.725191	-3.549618	0.337177
0.040039	0.438477	1.083252	-1.740458	-3.946565	-3.106870	0.341130
0.040771	0.438721	1.083984	-1.824427	-4.091603	-3.061069	0.345092
0.041016	0.436523	1.082520	-1.694656	-4.030534	-3.717557	0.349049
0.039307	0.433350	1.080566	-1.656489	-3.755725	-2.786260	0.353016
0.038330	0.437012	1.082520	-1.984733	-3.740458	-3.381679	0.356973
0.045166	0.437988	1.089844	-1.694656	-3.793893	-3.503817	0.360930
0.042236	0.432373	1.072266	-1.702290	-3.740458	-2.961832	0.364908
0.040771	0.436768	1.085205	-1.641221	-3.992366	-3.458015	0.368869
0.039062	0.440186	1.085693	-1.732824	-4.007634	-3.244275	0.372830
0.044189	0.435059	1.079346	-1.526718	-3.862595	-3.129771	0.376791
0.044189	0.434326	1.089111	-1.717557	-3.885496	-3.694656	0.380747
0.042969	0.438721	1.081787	-1.656489	-3.732824	-3.038168	0.384711
0.042969	0.431641	1.089600	-1.648855	-4.099237	-3.496183	0.388667
0.045166	0.439697	1.089600	-1.618321	-3.839695	-3.671756	0.392629
0.043701	0.437012	1.076660	-1.778626	-4.061069	-2.862595	0.396586
0.043457	0.439941	1.085693	-1.671756	-3.832061	-3.450382	0.400543
0.045898	0.439209	1.088867	-1.496183	-3.816794	-3.587786	0.404504
0.042969	0.435547	1.085205	-1.793893	-3.916031	-2.969466	0.408465
0.034668	0.433105	1.086914	-1.923664	-4.083969	-3.603053	0.412426
0.039307	0.431885	1.085449	-1.694656	-5.854962	-3.366412	0.416384
0.041504	0.436768	1.094727	-1.549618	-3.900763	-3.091603	0.420340
0.042480	0.433594	1.083740	-1.679389	-4.053435	-3.671756	0.424300
0.055664	0.431396	1.071289	-1.694656	-3.839695	-3.030534	0.428257
0.039307	0.438477	1.087646	-1.465649	-3.610687	-3.374046	0.432217
0.037354	0.440918	1.087646	-1.763359	-3.969466	-3.603053	0.436195
0.039551	0.432129	1.083496	-1.488550	-4.061069	-2.877863	0.440151
0.041748	0.431152	1.081299	-1.725191	-3.877863	-3.503817	0.444110
0.045898	0.436523	1.089355	-1.740458	-3.877863	-3.396947	0.448072
0.045898	0.432129	1.081543	-1.717557	-3.809160	-3.007634	0.452031
0.044189	0.438721	1.083008	-1.603053	-1.961832	-3.580153	0.456016
0.036377	0.435791	1.086426	-1.679389	-5.862595	-3.083969	0.459975
0.041260	0.432861	1.084961	-1.908397	-3.954198	-3.160305	0.463935
0.045654	0.433838	1.093750	-1.709924	-3.748092	-3.587786	0.467894
0.043701	0.435791	1.083496	-1.610687	-4.061069	-2.908397	0.471851
0.039062	0.437744	1.088135	-1.854962	-3.801527	-3.305344	0.475811
0.040039	0.437256	1.088135	-1.702290	-3.862595	-3.503817	0.479773
0.038330	0.439941	1.081055	-1.679389	-3.778626	-3.030534	0.483735
0.043457	0.433350	1.080811	-1.709924	-3.847328	-3.465649	0.487694
0.044434	0.433105	1.084473	-1.786260	-3.877863	-3.160305	0.491649
0.038818	0.434814	1.091553	-1.732824	-3.755725	-3.068702	0.495629
0.038086	0.433838	1.083008	-1.511450	-3.862595	-3.557252	0.499665
0.042480	0.434814	1.090088	-1.610687	-4.221374	-3.167939	0.503632
0.035156	0.442139	1.083740	-1.832061	-3.946565	-3.244275	0.507592
0.043701	0.435547	1.083984	-1.786260	-4.000000	-3.580153	0.511552
0.036133	0.430176	1.093018	-1.671756	-3.809160	-3.022901	0.515513
0.042969	0.430176	1.086182	-1.770992	-3.885496	-3.343511	0.519474
0.043213	0.431641	1.091309	-1.671756	-3.610687	-3.473282	0.523433
0.042480	0.434814	1.086426	-1.732824	-3.877863	-2.870229	0.527389
0.044922	0.435303	1.086914	-1.725191	-4.053435	-3.671756	0.531347
0.041504	0.433105	1.077881	-1.702290	-4.183206	-3.335878	0.535309
0.049316	0.424316	1.081787	-1.687023	-3.893130	-2.984733	0.539264
0.043457	0.430664	1.080078	-1.816794	-3.847328	-3.511450	0.543227
0.041260	0.434570	1.087158	-1.473282	-4.022901	-3.160305	0.547185
0.042725	0.452637	1.090088	-1.778626	-4.053435	-3.274809	0.551144
0.044189	0.429688	1.075928	-1.603053	-3.664122	-3.603053	0.555105
0.044678	0.452881	1.079346	-1.755725	-3.916031	-2.877863	0.559065
0.044678	0.434326	1.082520	-1.610687	-3.946565	-3.213740	0.563024
0.041992	0.432129	1.080322	-1.778626	-4.000000	-3.381679	0.566983
0.044189	0.432129	1.079346	-1.656489	-4.061069	-2.908397	0.570938
0.043701	0.424316	1.075684	-1.694656	-4.000000	-3.572519	0.574902
0.040527	0.436035	1.087646	-1.801527	-3.839695	-3.007634	0.578859
0.038086	0.432373	1.084717	-1.748092	-4.076336	-3.068702	0.582820
0.041016	0.435059	1.087646	-1.809160	-3.572519	-3.458015	0.586776
0.051025	0.432373	1.093750	-1.671756	-3.793893	-3.053435	0.590735
0.043213	0.422852	1.086426	-1.755725	-3.977099	-3.190840	0.594864
0.046631	0.432373	1.075684	-1.648855	-4.022901	-3.557252	0.598842
0.044189	0.436768	1.079834	-1.541985	-3.877863	-2.961832	0.602801
0.042236	0.436035	1.090088	-1.664122	-3.961832	-3.656489	0.606760
0.045654	0.450439	1.091797	-1.748092	-3.801527	-3.427481	0.610721
0.041504	0.422363	1.085449	-1.885496	-4.007634	-2.877863	0.614700
0.039307	0.437500	1.088135	-1.641221	-4.106870	-3.633588	0.618660
0.043457	0.428955	1.083496	-1.595420	-5.862595	-3.282443	0.622621
0.038330	0.449951	1.089355	-1.687023	-4.030534	-3.106870	0.626582
0.042236	0.434814	1.085693	-1.603053	-4.114504	-3.656489	0.630548
0.040039	0.422607	1.081299	-1.694656	-3.778626	-3.099237	0.634510
0.040527	0.434326	1.086182	-1.748092	-3.938931	-3.244275	0.638469
0.043945	0.431641	1.082031	-1.595420	-3.801527	-3.679389	0.642426
0.036621	0.429443	1.081787	-1.763359	-3.816794	-2.625954	0.646385
0.043457	0.438232	1.086670	-1.648855	-3.877863	-3.564885	0.650345
0.045410	0.430664	1.077148	-1.534351	-3.862595	-3.511450	0.654304
0.046631	0.436768	1.091797	-1.541985	-4.022901	-3.076336	0.658263
0.044922	0.439697	1.085693	-1.603053	-3.969466	-3.648855	0.662219
0.043213	0.428711	1.090088	-1.832061	-3.961832	-3.312977	0.666201
0.044922	0.437500	1.084473	-1.633588	-3.954198	-2.977099	0.670158
0.040039	0.439453	1.080566	-1.679389	-3.931298	-3.564885	0.674117
0.046631	0.436523	1.084229	-1.595420	-4.068702	-3.183206	0.678075
0.040283	0.438721	1.087891	-1.732824	-1.961832	-3.282443	0.682033
0.038330	0.438232	1.081055	-1.816794	-3.832061	-3.351145	0.685993
0.043213	0.435547	1.086426	-1.702290	-3.740458	-2.755725	0.689955
0.044434	0.431885	1.088867	-1.778626	-5.862595	-3.557252	0.693931
0.042969	0.437500	1.083984	-1.862595	-3.847328	-3.198473	0.697894
0.037598	0.435303	1.087891	-1.618321	-3.763359	-3.045802	0.701850
0.038330	0.436768	1.081543	-1.816794	-3.725191	-3.641221	0.705814
0.035400	0.438965	1.071533	-1.832061	-3.702290	-3.129771	0.709774
0.040771	0.435547	1.083496	-1.595420	-4.244275	-3.213740	0.713737
0.041016	0.435791	1.092285	-1.656489	-3.816794	-3.587786	0.717696
0.042480	0.436768	1.086426	-1.564885	-3.839695	-2.992366	0.721658
0.041260	0.431641	1.087402	-1.625954	-3.893130	-3.221374	0.725621
0.047852	0.436035	1.083252	-1.595420	-3.885496	-3.549618	0.729582
0.042969	0.436523	1.073975	-1.748092	-3.893130	-2.839695	0.733541
0.041504	0.434570	1.067139	-1.877863	-4.022901	-3.473282	0.737502
0.040283	0.439209	1.089844	-1.748092	-4.068702	-3.267176	0.741458
0.038574	0.438477	1.079834	-1.618321	-4.000000	-3.160305	0.745527
0.041748	0.435303	1.077393	-1.603053	-3.824427	-3.572519	0.749568
0.040039	0.433838	1.085449	-1.748092	-3.671756	-3.083969	0.753559
0.041016	0.440918	1.077881	-1.610687	-5.862595	-3.213740	0.757521
0.045898	0.438721	1.082764	-1.656489	-3.923664	-3.503817	0.761482
0.041504	0.430420	1.083252	-1.877863	-3.946565	-2.870229	0.765458
0.038574	0.432129	1.080078	-1.725191	-3.946565	-3.396947	0.769414
0.034668	0.435303	1.082031	-1.625954	-3.992366	-3.473282	0.773376
0.041260	0.429199	1.080322	-1.709924	-3.946565	-2.908397	0.777333
0.045166	0.436768	1.079346	-1.511450	-3.694656	-3.709924	0.781292
0.041992	0.432129	1.076172	-1.778626	-4.106870	-3.145038	0.785253
0.040283	0.441650	1.086182	-1.809160	-3.740458	-3.007634	0.789209
0.039795	0.439453	1.086182	-1.618321	-3.969466	-3.549618	0.793173
0.042480	0.437500	1.077393	-1.603053	-3.717557	-2.923664	0.797132
0.037598	0.436279	1.084229	-1.610687	-4.068702	-3.396947	0.801087
0.041748	0.434570	1.078613	-1.656489	-3.702290	-3.618321	0.805048
0.043457	0.431641	1.082520	-1.763359	-3.977099	-2.893130	0.809013
0.043701	0.435547	1.087402	-1.786260	-3.847328	-3.534351	0.812972
0.039062	0.435547	1.083252	-1.687023	-3.816794	-3.282443	0.816936
0.046631	0.431641	1.088379	-1.572519	-3.839695	-2.885496	0.820896
0.042969	0.433594	1.090576	-1.664122	-4.000000	-3.633588	0.824859
0.047607	0.432373	1.088379	-1.832061	-3.908397	-2.946565	0.828817
0.043945	0.436035	1.078369	-1.557252	-3.816794	-3.091603	0.832779
0.040283	0.437988	1.080322	-1.870229	-3.625954	-3.404580	0.836737
0.039307	0.441650	1.084473	-1.687023	-4.000000	-2.854962	0.840696
0.048828	0.435547	1.079590	-1.641221	-4.000000	-3.053435	0.844655
0.041504	0.435059	1.090088	-1.755725	-3.755725	-3.526718	0.848613
0.034180	0.438232	1.083984	-1.900763	-3.961832	-2.862595	0.852575
0.040039	0.435547	1.077881	-1.641221	-3.832061	-3.595420	0.856534
0.043457	0.435791	1.076904	-1.839695	-4.038168	-3.358779	0.860490
0.039062	0.437988	1.082764	-1.618321	-3.687023	-3.022901	0.864454
0.038086	0.441650	1.088379	-1.755725	-3.893130	-3.671756	0.868413
0.040771	0.430664	1.082520	-1.801527	-3.839695	-3.068702	0.872374
0.045898	0.433350	1.086914	-1.839695	-3.923664	-3.213740	0.876332
0.041260	0.434570	1.084961	-1.717557	-4.015267	-3.717557	0.880291
0.035645	0.434082	1.081543	-1.740458	-3.824427	-3.076336	0.884254
0.038818	0.434570	1.090088	-1.770992	-3.931298	-3.305344	0.888213
0.040039	0.436035	1.094971	-1.595420	-3.877863	-3.679389	0.892169
0.046143	0.434570	1.083740	-1.977099	-3.961832	-3.022901	0.896132
0.051025	0.437256	1.088623	-1.648855	-3.786260	-3.473282	0.900090
0.046387	0.434082	1.083496	-1.862595	-4.022901	-3.251908	0.904051
0.033691	0.438232	1.087891	-1.694656	-3.893130	-3.022901	0.908009
0.040039	0.436279	1.079590	-1.832061	-3.870229	-3.595420	0.911970
0.045654	0.430420	1.082031	-1.511450	-4.015267	-3.030534	0.915932
0.044189	0.432129	1.087646	-1.893130	-3.870229	-3.038168	0.919892
0.057129	0.430420	1.080566	-1.877863	-3.832061	-3.679389	0.923851
0.040039	0.430908	1.093018	-1.854962	-3.824427	-3.022901	0.927810
0.038330	0.437256	1.084473	-1.916031	-3.755725	-3.335878	0.931768
0.035889	0.436768	1.086426	-1.664122	-3.793893	-3.526718	0.935745
0.037842	0.436768	1.083496	-1.786260	-3.923664	-2.946565	0.939700
0.043945	0.430908	1.087646	-1.633588	-3.931298	-3.427481	0.943665
0.038818	0.437500	1.085449	-1.702290	-3.839695	-3.251908	0.947623
0.043457	0.435303	1.083984	-1.694656	-4.061069	-3.015267	0.951580
0.043701	0.432861	1.088867	-1.625954	-3.671756	-3.473282	0.955568
0.042969	0.433350	1.076660	-1.572519	-3.885496	-3.229008	0.959530
0.044922	0.429932	1.086914	-1.755725	-3.656489	-3.022901	0.963490
0.039795	0.439697	1.078857	-1.755725	-3.824427	-3.625954	0.967451
0.042480	0.435791	1.087158	-1.396947	-3.984733	-2.908397	0.971409
0.045654	0.435059	1.089111	-1.717557	-3.923664	-3.206107	0.975374
0.042236	0.435791	1.088135	-1.580153	-4.091603	-3.557252	0.979332
0.038818	0.436279	1.090576	-1.770992	-3.786260	-2.839695	0.983292
0.047363	0.429932	1.088379	-1.755725	-5.854962	-3.648855	0.987249
0.043213	0.437500	1.077881	-1.664122	-3.992366	-3.274809	0.991258
0.038574	0.433594	1.081055	-1.564885	-3.969466	-3.312977	0.995219
0.043213	0.434326	1.086670	-1.725191	-4.061069	-3.572519	0.999177
0.039795	0.436279	1.088623	-1.641221	-1.984733	-3.145038	1.003189
0.037598	0.436523	1.086426	-1.801527	-3.885496	-3.061069	1.007149
0.042480	0.433594	1.084473	-1.877863	-5.832061	-3.648855	1.011104
0.037842	0.439209	1.089355	-1.687023	-4.091603	-3.015267	1.015068
0.044678	0.433105	1.086182	-1.870229	-3.732824	-3.198473	1.019026
0.043457	0.438477	1.084229	-1.580153	-3.961832	-3.244275	1.022988
0.046143	0.440674	1.088623	-1.694656	-3.908397	-2.961832	1.026944
0.042480	0.434082	1.080811	-1.633588	-4.007634	-3.442748	1.030903
0.046387	0.435303	1.085205	-1.877863	-3.946565	-3.145038	1.034862
0.039307	0.439697	1.087158	-1.549618	-3.801527	-3.038168	1.038818
0.035400	0.436035	1.090820	-1.832061	-3.954198	-3.549618	1.042778
0.039795	0.432129	1.081543	-1.770992	-3.954198	-3.175573	1.046737
0.041748	0.439453	1.085449	-1.870229	-3.870229	-3.335878	1.050694
0.042725	0.434326	1.083984	-1.816794	-3.900763	-3.610687	1.054657
0.042969	0.432129	1.084229	-1.648855	-3.725191	-2.938931	1.058617
0.045410	0.433350	1.085205	-1.595420	-3.862595	-3.335878	1.062576
0.042236	0.435791	1.087646	-1.709924	-3.946565	-3.267176	1.066535
0.040283	0.427979	1.080811	-1.671756	-3.793893	-3.083969	1.070490
0.042969	0.432373	1.068359	-1.732824	-4.221374	-3.488550	1.074451
0.042480	0.432373	1.081543	-1.770992	-3.824427	-3.328244	1.078409
0.041260	0.441650	1.084717	-1.717557	-3.725191	-3.061069	1.082366
0.044922	0.435059	1.071533	-1.824427	-4.068702	-3.618321	1.086322
0.039795	0.441895	1.075928	-1.740458	-4.206107	-3.137405	1.090283
0.041016	0.431396	1.080811	-1.633588	-3.984733	-3.190840	1.094240
0.041504	0.434082	1.075439	-1.740458	-3.816794	-3.557252	1.098195
0.036377	0.437500	1.089355	-1.694656	-4.022901	-2.816794	1.102152
0.045410	0.436523	1.081055	-1.687023	-3.679389	-3.442748	1.106113
0.042480	0.434082	1.081787	-1.694656	-3.969466	-3.381679	1.110070
0.043457	0.431641	1.077393	-1.687023	-3.709924	-2.938931	1.114030
0.039062	0.437256	1.086670	-1.832061	-4.122137	-3.511450	1.117986
0.043213	0.430908	1.084961	-1.763359	-3.893130	-3.160305	1.121947
0.038330	0.437012	1.086670	-1.671756	-4.022901	-3.083969	1.125909
0.042725	0.432861	1.085449	-1.618321	-3.870229	-3.564885	1.129867
0.040771	0.433594	1.078857	-1.664122	-3.801527	-2.847328	1.133828
0.045166	0.433594	1.078369	-1.778626	-3.984733	-3.251908	1.137790
0.045166	0.437500	1.082275	-1.793893	-3.862595	-3.603053	1.141745
0.040283	0.432861	1.082275	-1.610687	-3.763359	-3.000000	1.145710
0.043457	0.436768	1.088623	-1.541985	-3.977099	-3.320611	1.149669
0.044434	0.437744	1.086182	-1.793893	-4.083969	-3.427481	1.153630
0.042969	0.433838	1.083740	-1.633588	-3.931298	-3.007634	1.157589
0.040771	0.433594	1.090332	-1.664122	-4.030534	-3.633588	1.161551
0.037842	0.438232	1.068115	-1.648855	-3.946565	-3.137405	1.165512
0.042480	0.436523	1.086182	-1.671756	-3.839695	-2.969466	1.169470
0.037109	0.442627	1.092285	-1.694656	-4.045802	-3.633588	1.173430
0.041260	0.434326	1.083984	-1.618321	-3.877863	-2.984733	1.177388
0.041992	0.439941	1.087158	-1.801527	-4.022901	-3.320611	1.181343
0.042480	0.433594	1.082520	-1.740458	-3.900763	-3.358779	1.185303
0.038330	0.433350	1.082275	-1.908397	-3.801527	-2.801527	1.189260
0.033691	0.433838	1.088379	-1.625954	-4.061069	-3.458015	1.193225
0.037842	0.440186	1.085693	-1.801527	-3.854962	-3.320611	1.197184
0.043457	0.439453	1.070801	-1.473282	-4.099237	-3.152672	1.201139
0.044189	0.432617	1.083008	-1.816794	-3.984733	-3.595420	1.205099
0.045410	0.435547	1.081787	-1.641221	-4.007634	-3.175573	1.209061
0.038330	0.431396	1.085938	-1.725191	-3.839695	-3.030534	1.213018
0.044922	0.432129	1.089600	-1.816794	-3.824427	-3.671756	1.216981
0.037842	0.435303	1.081543	-1.786260	-5.839695	-2.946565	1.220943
0.042725	0.436523	1.084717	-1.717557	-3.923664	-3.473282	1.224904
0.044922	0.437012	1.083740	-1.755725	-3.793893	-3.480916	1.228863
0.038574	0.438232	1.074219	-1.587786	-3.938931	-3.038168	1.232826
0.045898	0.434326	1.081055	-1.656489	-4.038168	-3.519084	1.236824
0.045166	0.436035	1.084717	-1.725191	-4.061069	-3.274809	1.240786
0.046387	0.433594	1.081787	-1.770992	-3.931298	-2.992366	1.244750
0.043213	0.437988	1.088379	-1.854962	-3.923664	-3.534351	1.248709
0.045898	0.431152	1.086426	-1.748092	-3.961832	-2.977099	1.252718
0.045898	0.439697	1.088623	-1.610687	-4.114504	-3.167939	1.256683
0.037598	0.437012	1.081787	-1.748092	-3.992366	-3.503817	1.260638
0.040527	0.432617	1.088867	-3.908397	-3.893130	-3.045802	1.265834
0.040283	0.432861	1.082520	-1.709924	-4.114504	-3.358779	1.272473
0.040527	0.437256	1.090088	-1.709924	-3.801527	-3.229008	1.279109
0.040283	0.432617	1.081299	-1.458015	-4.015267	-3.251908	1.285747
0.043945	0.438477	1.085449	-1.786260	-4.099237	-3.465649	1.292382
0.039551	0.433350	1.086426	-1.702290	-3.748092	-3.007634	1.299020
0.031982	0.433838	1.089355	-1.694656	-3.778626	-3.465649	1.305657
0.037109	0.436523	1.085205	-1.755725	-3.893130	-3.297710	1.312290
0.044678	0.433350	1.088623	-1.755725	-4.007634	-2.916031	1.318927
0.044189	0.435547	1.078857	-1.687023	-3.969466	-3.595420	1.325593
0.043945	0.433105	1.078125	-1.580153	-3.992366	-3.099237	1.332265
0.037354	0.434082	1.082520	-1.763359	-3.954198	-3.435115	1.338901
0.038086	0.432129	1.086182	-1.732824	-3.916031	-3.343511	1.345564
0.040039	0.435059	1.083252	-1.725191	-3.786260	-2.969466	1.352192
0.049316	0.440430	1.095947	-1.801527	-3.992366	-3.580153	1.358862
0.040283	0.430908	1.081543	-1.786260	-3.977099	-3.229008	1.365661
0.042236	0.431641	1.088867	-1.801527	-3.923664	-3.122137	1.372298
0.038330	0.431152	1.084229	-1.900763	-4.160305	-3.603053	1.378934
0.041504	0.432861	1.086914	-1.709924	-4.068702	-2.854962	1.385595
0.039062	0.433838	1.081055	-1.641221	-3.832061	-3.541985	1.392267
0.043457	0.432861	1.079834	-1.709924	-4.022901	-3.152672	1.398913
0.038818	0.438965	1.088135	-1.725191	-4.038168	-2.984733	1.405575
0.036377	0.437256	1.085938	-1.778626	-3.763359	-3.541985	1.412206
0.043945	0.432861	1.080322	-1.832061	-3.702290	-3.030534	1.418881
0.041504	0.429932	1.085938	-1.755725	-3.938931	-3.511450	1.425551
0.045898	0.436279	1.092041	-1.587786	-4.045802	-3.618321	1.432207
0.040039	0.430908	1.076660	-1.732824	-3.763359	-2.946565	1.438875
0.037842	0.433350	1.088135	-1.625954	-3.900763	-3.732824	1.445545
0.036621	0.435059	1.092285	-1.656489	-1.984733	-3.114504	1.452177
0.046631	0.433350	1.077881	-1.656489	-4.137405	-3.312977	1.458915
0.042236	0.434326	1.079590	-1.946565	-4.000000	-3.572519	1.465618
0.041748	0.434570	1.083740	-1.717557	-3.839695	-3.061069	1.472287
0.041260	0.429688	1.082275	-1.900763	-4.022901	-3.503817	1.478923
0.035889	0.438965	1.089844	-1.671756	-3.702290	-3.419847	1.485587
0.041504	0.432861	1.063965	-1.748092	-3.893130	-3.022901	1.492216
0.037354	0.437256	1.082275	-1.809160	-3.923664	-3.648855	1.498889
0.037842	0.450928	1.085693	-1.625954	-3.961832	-2.969466	1.505561
0.045410	0.432617	1.085693	-1.770992	-3.748092	-3.465649	1.512191
0.042725	0.428711	1.080322	-1.534351	-1.969466	-3.534351	1.518864
0.044189	0.432617	1.083740	-1.725191	-4.091603	-2.961832	1.525535
0.044678	0.435547	1.081299	-1.954198	-3.809160	-3.465649	1.532167
0.044189	0.430908	1.084717	-1.687023	-3.946565	-3.091603	1.538837
0.041748	0.433350	1.083008	-1.511450	-3.954198	-3.396947	1.545502
0.046631	0.436523	1.079590	-1.480916	-3.595420	-3.488550	1.552134
0.041992	0.432129	1.078369	-1.717557	-3.885496	-2.893130	1.558770
0.042725	0.433350	1.081543	-1.671756	-3.938931	-3.419847	1.565407
0.036621	0.437012	1.084473	-1.740458	-3.923664	-3.389313	1.572041
0.055908	0.433350	1.079346	-1.854962	-3.969466	-3.236641	1.578678
0.045898	0.440430	1.085693	-1.641221	-3.893130	-3.572519	1.585340
0.041748	0.451172	1.084473	-1.641221	-1.969466	-2.961832	1.591972
0.037842	0.433105	1.081055	-1.732824	-3.900763	-3.564885	1.598637
0.042969	0.425537	1.083496	-1.687023	-4.114504	-3.488550	1.605315
0.046387	0.430908	1.080811	-1.847328	-3.893130	-3.083969	1.611951
0.039795	0.426514	1.084229	-1.687023	-3.801527	-3.580153	1.618619
0.044922	0.433105	1.088867	-1.687023	-4.076336	-3.061069	1.625259
0.041992	0.427979	1.079102	-1.580153	-4.022901	-3.335878	1.631978
0.046143	0.436035	1.085693	-1.511450	-3.961832	-3.572519	1.638648
0.035645	0.437744	1.084229	-1.755725	-3.938931	-3.015267	1.645320
0.042236	0.430908	1.081787	-1.755725	-3.862595	-3.541985	1.652017
0.044434	0.430908	1.082275	-1.496183	-3.923664	-3.251908	1.658882
0.031982	0.435547	1.092773	-1.740458	-4.000000	-2.931298	1.665968
0.041748	0.438965	1.077393	-1.671756	-4.068702	-3.633588	1.672635
0.037842	0.450928	1.088867	-1.717557	-3.740458	-2.778626	1.679273
0.040527	0.442383	1.083496	-1.648855	-3.778626	-3.496183	1.685914
0.047363	0.432861	1.085693	-1.648855	-4.007634	-3.343511	1.692554
0.048584	0.432129	1.082520	-1.862595	-3.671756	-3.038168	1.699191
0.046387	0.431152	1.078857	-1.732824	-3.847328	-3.633588	1.705852
0.044678	0.434082	1.080078	-1.862595	-4.106870	-3.083969	1.712529
0.041016	0.438965	1.087402	-1.793893	-3.969466	-3.244275	1.719166
0.041748	0.428955	1.083740	-1.740458	-4.045802	-3.656489	1.725840
0.059814	0.439453	1.082031	-1.839695	-3.824427	-2.832061	1.732475
0.043457	0.439209	1.085938	-1.793893	-3.740458	-3.557252	1.739107
0.037598	0.438232	1.093750	-1.671756	-3.969466	-3.114504	1.745752
0.043701	0.434814	1.067139	-1.641221	-4.022901	-3.145038	1.752388
0.041992	0.437744	1.086182	-1.717557	-3.839695	-3.625954	1.759023
0.036865	0.435059	1.077637	-1.717557	-1.969466	-2.984733	1.765660
0.044189	0.437256	1.083984	-1.786260	-3.984733	-3.366412	1.772300
0.041504	0.432129	1.086914	-1.679389	-3.793893	-3.290076	1.778931
0.041504	0.430664	1.087646	-1.862595	-4.000000	-3.022901	1.785602
0.040771	0.439941	1.079346	-1.732824	-1.961832	-3.694656	1.792271
0.062256	0.439209	1.080322	-1.656489	-3.748092	-3.045802	1.798906
0.039307	0.437012	1.092285	-1.648855	-3.870229	-3.267176	1.805579
0.042969	0.437988	1.081543	-1.671756	-3.931298	-3.526718	1.812215
0.041016	0.432861	1.084473	-1.702290	-3.954198	-3.007634	1.818891
0.041504	0.434326	1.081787	-1.854962	-3.908397	-3.610687	1.825563
0.046143	0.435547	1.080322	-3.900763	-3.732824	-3.106870	1.832195
0.044678	0.440186	1.080078	-1.679389	-3.977099	-3.229008	1.838867
0.042969	0.431152	1.081299	-1.664122	-3.870229	-3.496183	1.845537
0.039062	0.432617	1.088379	-1.709924	-4.114504	-3.030534	1.852175
0.040527	0.436523	1.092529	-1.816794	-3.786260	-3.496183	1.858857
0.037598	0.434570	1.083252	-1.740458	-3.832061	-3.374046	1.865558
0.040771	0.433838	1.091797	-1.740458	-5.832061	-3.022901	1.872189
0.039795	0.449707	1.082764	-1.549618	-3.916031	-3.732824	1.878858
0.045654	0.435059	1.085449	-1.854962	-4.015267	-3.091603	1.885518
0.037598	0.432373	1.075928	-1.770992	-4.152672	-3.251908	1.892153
0.042725	0.433594	1.092773	-1.786260	-3.893130	-3.503817	1.898825
0.043701	0.440430	1.082031	-1.618321	-3.770992	-2.908397	1.905462
0.042236	0.441162	1.083740	-1.809160	-3.900763	-3.618321	1.912100
0.036621	0.434814	1.085693	-1.435115	-3.969466	-3.015267	1.918737
0.042725	0.437500	1.084229	-1.541985	-3.946565	-3.282443	1.925370
0.061523	0.438477	1.080322	-1.870229	-5.847328	-3.427481	1.932002
0.041748	0.436035	1.084229	-1.748092	-3.687023	-2.824427	1.938654
0.042236	0.431396	1.080322	-1.893130	-3.786260	-3.320611	1.945328
0.042236	0.433838	1.087402	-1.725191	-4.068702	-3.175573	1.951964
0.034424	0.433838	1.083008	-1.625954	-3.816794	-3.145038	1.958685
0.045166	0.432861	1.087402	-1.793893	-3.854962	-3.595420	1.965370
0.038086	0.437256	1.088135	-1.610687	-3.854962	-3.129771	1.972004
0.036865	0.435303	1.083740	-1.801527	-3.862595	-3.366412	1.978658
0.043213	0.438477	1.076416	-1.755725	-3.885496	-3.320611	1.985331
0.038574	0.436523	1.091797	-1.519084	-3.641221	-3.000000	1.991966
0.041504	0.437744	1.093262	-1.625954	-3.725191	-3.793893	1.998638
0.045166	0.429443	1.084229	-1.763359	-3.824427	-3.045802	2.005307
0.039307	0.430908	1.092529	-1.839695	-3.809160	-3.083969	2.011941
0.039062	0.438232	1.082764	-1.717557	-5.862595	-3.404580	2.018576
0.039307	0.437256	1.089844	-1.679389	-3.801527	-3.053435	2.025214
0.041260	0.432861	1.084961	-1.908397	-3.847328	-3.480916	2.031846
0.045654	0.436279	1.083252	-1.763359	-3.893130	-3.145038	2.038482
0.038086	0.434814	1.084473	-1.564885	-4.114504	-3.068702	2.045237
0.039062	0.434082	1.084229	-1.854962	-3.740458	-3.572519	2.051875
0.043945	0.431641	1.084473	-1.656489	-3.809160	-2.961832	2.058515
0.042725	0.427979	1.078613	-1.671756	-3.816794	-3.488550	2.065147
0.038574	0.447754	1.080566	-1.671756	-3.961832	-3.305344	2.071779
0.043457	0.434570	1.087891	-1.725191	-5.862595	-3.076336	2.078414
0.050293	0.434570	1.089111	-1.641221	-3.931298	-3.633588	2.085120
0.044678	0.433838	1.091064	-1.824427	-3.832061	-3.244275	2.091756
0.035400	0.437012	1.086914	-1.946565	-4.076336	-3.320611	2.098539
0.045410	0.431641	1.086670	-1.770992	-3.809160	-3.625954	2.105193
0.041992	0.437744	1.087158	-1.603053	-3.839695	-2.816794	2.111830
0.042480	0.431641	1.091064	-1.625954	-3.809160	-3.755725	2.118463
0.044189	0.422607	1.084473	-1.603053	-3.832061	-3.167939	2.125096
0.040283	0.431396	1.087891	-1.763359	-4.152672	-3.206107	2.131728
0.043701	0.438721	1.081299	-1.793893	-3.893130	-3.458015	2.138389
0.038086	0.434570	1.081299	-1.763359	-3.847328	-3.099237	2.145059
0.038330	0.438232	1.087402	-1.709924	-3.839695	-3.328244	2.151692
0.041748	0.437500	1.083252	-1.625954	-3.961832	-3.099237	2.158329
0.044189	0.436523	1.094238	-1.694656	-3.946565	-3.122137	2.164966
0.036621	0.433105	1.079590	-1.587786	-3.793893	-3.793893	2.171595
0.036621	0.434082	1.088623	-1.664122	-3.801527	-3.007634	2.178228
0.039307	0.435547	1.078857	-1.847328	-3.900763	-3.503817	2.184864
0.042969	0.436035	1.082764	-1.648855	-1.969466	-3.557252	2.191500
0.039551	0.438965	1.092285	-1.664122	-3.969466	-3.137405	2.198138
0.048828	0.436035	1.083008	-1.656489	-3.770992	-3.648855	2.204807
0.040771	0.448975	1.081787	-1.801527	-1.961832	-3.038168	2.211443
0.036377	0.432617	1.083984	-1.702290	-3.984733	-3.282443	2.218112
0.047607	0.435547	1.083740	-1.603053	-4.099237	-3.618321	2.224747
0.042480	0.450195	1.089355	-1.671756	-3.839695	-2.908397	2.231382
0.036621	0.434814	1.088379	-1.671756	-3.977099	-3.503817	2.238020
0.039795	0.435303	1.084961	-1.755725	-3.923664	-3.076336	2.244651
0.044189	0.424805	1.081543	-1.786260	-3.870229	-3.076336	2.251288
0.044434	0.438477	1.080566	-1.519084	-5.862595	-3.404580	2.257922
0.036621	0.438232	1.068115	-1.603053	-3.893130	-2.938931	2.264598
0.044678	0.437256	1.091064	-1.969466	-4.007634	-3.435115	2.271233
0.038330	0.436035	1.088135	-1.824427	-4.045802	-3.259542	2.277872
0.046143	0.438477	1.086914	-1.687023	-3.839695	-3.091603	2.284513
0.042725	0.437256	1.081055	-1.671756	-3.938931	-3.572519	2.291147
0.041016	0.437744	1.090332	-1.786260	-3.725191	-2.893130	2.297789
0.039795	0.436523	1.080322	-1.679389	-3.862595	-3.320611	2.304427
0.043213	0.436035	1.077148	-0.030534	-3.908397	-3.412214	2.311057
0.040039	0.430176	1.085938	-1.557252	-3.862595	-2.969466	2.317693
0.037598	0.431396	1.093262	-1.679389	-3.801527	-3.786260	2.324337
0.044189	0.436035	1.078369	-1.778626	-4.022901	-3.061069	2.330967
0.038574	0.435547	1.081543	-1.732824	-4.007634	-3.274809	2.337625
0.046387	0.437012	1.083008	-1.717557	-4.068702	-3.419847	2.344291
0.043213	0.435059	1.082275	-1.625954	-3.809160	-2.954198	2.350923
0.043945	0.434814	1.083008	-1.755725	-4.106870	-3.503817	2.357562
0.045898	0.439453	1.086426	-1.664122	-1.961832	-3.167939	2.364199
0.038330	0.440186	1.083984	-1.717557	-3.854962	-3.091603	2.370843
0.039307	0.435303	1.087158	-1.717557	-3.732824	-3.748092	2.377487
0.042725	0.436523	1.081543	-1.557252	-3.809160	-2.946565	2.384124
0.039307	0.434326	1.069824	-1.641221	-3.847328	-3.633588	2.390753
0.044922	0.435547	1.077637	-1.748092	-3.740458	-3.282443	2.397391
0.047607	0.441162	1.082031	-1.503817	-3.763359	-3.106870	2.404053
0.041260	0.439209	1.079346	-1.656489	-1.961832	-3.740458	2.410684
0.039795	0.436279	1.082275	-1.725191	-3.847328	-3.167939	2.417352
0.041260	0.423340	1.081543	-1.938931	-3.893130	-3.412214	2.423988
0.041260	0.437256	1.086670	-1.694656	-1.984733	-3.564885	2.430620
0.031250	0.431885	1.078857	-1.641221	-3.954198	-3.000000	2.437257
0.043213	0.432861	1.086670	-1.854962	-3.786260	-3.694656	2.443890
0.037354	0.433350	1.087158	-1.832061	-3.900763	-3.259542	2.450523
0.033691	0.434326	1.086914	-1.664122	-3.625954	-3.137405	2.457291
0.038818	0.435547	1.087158	-1.702290	-4.091603	-3.687023	2.463931
0.036377	0.422119	1.088379	-1.832061	-3.931298	-2.877863	2.470564
0.042236	0.434814	1.080811	-1.671756	-3.809160	-3.595420	2.477200
0.043457	0.440918	1.088623	-1.732824	-3.854962	-3.229008	2.483837
0.051514	0.423584	1.092529	-1.801527	-3.885496	-3.076336	2.490473
0.042969	0.427490	1.080078	-1.786260	-3.916031	-3.435115	2.497244
0.043701	0.435547	1.086670	-1.770992	-3.923664	-3.076336	2.504065
0.034668	0.436035	1.087402	-1.755725	-3.969466	-3.412214	2.510702
0.044434	0.436035	1.093018	-1.709924	-3.885496	-3.572519	2.517431
0.037109	0.432861	1.092285	-1.877863	-3.877863	-3.160305	2.524068
0.040771	0.434814	1.091553	-1.908397	-3.709924	-3.610687	2.530700
0.044434	0.435547	1.087646	-1.832061	-1.984733	-3.038168	2.537368
0.042236	0.440430	1.077881	-1.557252	-4.045802	-3.229008	2.544013
0.045410	0.436279	1.078857	-1.679389	-3.816794	-3.595420	2.550644
0.046143	0.427490	1.079102	-1.786260	-2.015267	-2.916031	2.557287
0.043701	0.436523	1.090088	-1.740458	-3.877863	-3.412214	2.563928
0.038086	0.427246	1.074707	-1.648855	-3.732824	-3.129771	2.570564
0.044678	0.436523	1.088623	-1.793893	-4.145038	-3.175573	2.577207
0.037354	0.433838	1.087158	-1.809160	-3.984733	-3.465649	2.583839
0.041748	0.436035	1.081055	-1.801527	-3.862595	-2.770992	2.590467
0.038818	0.438965	1.086670	-1.885496	-3.969466	-3.366412	2.597130
0.044922	0.433594	1.087891	-1.694656	-4.183206	-3.290076	2.603801
0.040771	0.422119	1.080322	-1.755725	-3.801527	-3.007634	2.610435
0.042725	0.434814	1.082520	-1.954198	-3.992366	-3.610687	2.617106
0.043457	0.436523	1.084473	-1.778626	-3.694656	-3.160305	2.623742
0.043213	0.434326	1.089600	-1.709924	-4.015267	-3.290076	2.630378
0.038818	0.434326	1.088623	-1.709924	-2.000000	-3.572519	2.637016
0.047852	0.432129	1.089600	-1.603053	-3.702290	-3.022901	2.643658
0.046143	0.432861	1.090332	-1.725191	-3.816794	-3.465649	2.650285
0.041748	0.440674	1.082520	-1.671756	-4.091603	-3.015267	2.656925
0.037598	0.437988	1.086182	-1.916031	-3.877863	-3.244275	2.663586
0.045410	0.450684	1.091064	-1.793893	-3.938931	-3.534351	2.670221
0.042725	0.433105	1.076660	-1.778626	-1.961832	-2.931298	2.676864
0.035645	0.437256	1.084229	-1.595420	-1.961832	-3.679389	2.683533
0.044922	0.434326	1.084229	-1.824427	-3.984733	-3.198473	2.690167
0.044189	0.423340	1.078369	-1.725191	-3.809160	-3.000000	2.696807
0.045410	0.436035	1.083740	-1.595420	-4.236641	-3.526718	2.703445
0.044678	0.435303	1.080566	-1.671756	-3.740458	-3.022901	2.710077
0.044922	0.422363	1.082275	-1.770992	-3.862595	-3.610687	2.716714
0.047363	0.434814	1.082275	-1.725191	-3.870229	-3.305344	2.723350
0.049561	0.433594	1.082031	-1.839695	-5.862595	-3.007634	2.729982
0.045898	0.428467	1.076904	-1.763359	-3.725191	-3.603053	2.736615
0.047119	0.438721	1.084717	-1.694656	-3.893130	-2.954198	2.743281
0.032471	0.440430	1.082275	-1.564885	-3.954198	-3.374046	2.749913
0.041016	0.433350	1.081055	-2.053435	-4.053435	-3.496183	2.756556
0.044189	0.437744	1.074219	-1.885496	-1.984733	-3.221374	2.763193
0.044189	0.435791	1.087891	-2.053435	-3.870229	-3.587786	2.769833
0.043945	0.422852	1.091064	-2.190840	-3.778626	-3.290076	2.776474
0.037109	0.429199	1.083984	-1.587786	-4.045802	-3.282443	2.783112
0.037598	0.433350	1.091553	-1.419847	-4.335878	-3.564885	2.789743
0.044678	0.434814	1.077393	-1.618321	-4.038168	-2.923664	2.796379
0.048828	0.435303	1.081543	-1.358779	-3.786260	-3.572519	2.803043
0.039795	0.447510	1.089355	-1.465649	-3.969466	-3.343511	2.809674
0.046875	0.445557	1.088135	-1.885496	-3.832061	-3.007634	2.816339
0.038818	0.426514	1.075684	-2.213740	-3.793893	-3.763359	2.822976
0.039795	0.440186	1.082275	-1.748092	-4.061069	-3.083969	2.829609
0.038818	0.433105	1.080566	-2.038168	-5.862595	-3.312977	2.836243
0.041016	0.434082	1.089355	-1.541985	-4.137405	-3.274809	2.842878
0.044678	0.433594	1.081055	-1.687023	-3.984733	-2.923664	2.849514
0.045898	0.439697	1.089844	-1.854962	-3.984733	-3.641221	2.856150
0.043457	0.451660	1.083008	-1.679389	-4.114504	-3.007634	2.862827
0.046875	0.440918	1.087402	-1.282443	-3.984733	-3.480916	2.869551
0.042480	0.439209	1.082031	-1.503817	-4.007634	-3.465649	2.876203
0.041504	0.432129	1.084717	-1.870229	-3.870229	-3.022901	2.882839
0.040527	0.448730	1.090088	-1.938931	-3.824427	-3.519084	2.890349
0.043213	0.437988	1.086182	-1.770992	-3.816794	-3.274809	2.897158
0.041260	0.433350	1.078369	-1.770992	-3.641221	-3.167939	2.903910
0.042236	0.434082	1.100586	-1.916031	-3.809160	-3.778626	2.910555
0.042480	0.430176	1.091553	-1.839695	-4.015267	-2.923664	2.917194
0.045898	0.428711	1.085693	-1.282443	-4.175573	-3.068702	2.924000
0.031738	0.439697	1.079346	-1.259542	-4.045802	-3.267176	2.930647
0.042969	0.442139	1.078125	-1.725191	-3.946565	-2.908397	2.937291
0.041016	0.435791	1.081299	-1.709924	-3.778626	-3.603053	2.943932
0.049316	0.433350	1.081299	-1.931298	-3.885496	-3.183206	2.950706
0.041260	0.439209	1.083008	-2.152672	-3.954198	-3.160305	2.957398
0.043701	0.436523	1.088379	-1.801527	-3.862595	-3.587786	2.964109
0.043945	0.421875	1.083252	-1.694656	-3.969466	-3.076336	2.970746
0.047852	0.438965	1.080566	-1.519084	-3.809160	-3.412214	2.977434
0.042480	0.438232	1.083984	-1.557252	-4.045802	-3.572519	2.984099
0.035400	0.446533	1.079590	-1.763359	-3.748092	-2.977099	2.990736
0.032959	0.430664	1.088379	-1.709924	-3.870229	-3.595420	2.997381
0.041504	0.439453	1.089355	-1.717557	-4.175573	-3.091603	3.004046
0.044678	0.435059	1.087402	-1.702290	-4.045802	-3.267176	3.010676
0.039062	0.433838	1.088379	-1.793893	-3.702290	-3.526718	3.017364
0.059570	0.427979	1.083496	-1.862595	-3.900763	-2.992366	3.024043
0.040771	0.430664	1.085693	-1.519084	-3.992366	-3.625954	3.030684
0.037354	0.435303	1.089844	-1.648855	-3.923664	-3.282443	3.037536
0.040527	0.432861	1.077393	-1.526718	-3.633588	-3.053435	3.044315
0.039307	0.437988	1.078857	-1.526718	-5.847328	-3.549618	3.050950
0.041016	0.434570	1.093506	-1.633588	-4.000000	-3.038168	3.057665
0.043213	0.433350	1.085449	-1.679389	-3.916031	-3.480916	3.064491
0.041260	0.422119	1.086182	-1.847328	-3.824427	-3.404580	3.071139
0.039795	0.437256	1.083252	-1.839695	-5.809160	-2.938931	3.077829
0.036133	0.436279	1.083984	-1.816794	-3.977099	-3.427481	3.084832
0.044189	0.430420	1.084961	-1.816794	-3.854962	-3.167939	3.091511
0.047119	0.440918	1.071045	-1.847328	-4.221374	-3.068702	3.098148
0.043945	0.433350	1.079590	-1.679389	-4.091603	-3.557252	3.104821
0.035645	0.429688	1.083984	-1.603053	-3.969466	-2.946565	3.111451
0.042969	0.436523	1.080811	-1.572519	-3.969466	-3.305344	3.118126
0.041504	0.425293	1.089355	-1.847328	-4.015267	-3.374046	3.124763
0.040527	0.431396	1.086426	-1.809160	-4.068702	-3.045802	3.131398
0.038330	0.437256	1.080322	-1.847328	-3.969466	-3.687023	3.138033
0.039307	0.431641	1.080811	-1.671756	-4.229008	-3.061069	3.144667
0.040039	0.435791	1.092041	-1.786260	-3.839695	-3.343511	3.151295
0.042969	0.431641	1.086914	-1.717557	-3.618321	-3.251908	3.157936
0.043945	0.436035	1.071777	-1.641221	-4.061069	-2.847328	3.164599
0.041992	0.433594	1.087158	-1.755725	-3.839695	-3.763359	3.171295
0.041504	0.433350	1.084717	-1.442748	-5.854962	-3.137405	3.178002
0.041748	0.439209	1.085693	-1.595420	-4.244275	-3.137405	3.184943
0.041748	0.438965	1.090332	-1.618321	-3.732824	-3.679389	3.191584
0.039307	0.439209	1.082520	-1.877863	-5.824427	-2.908397	3.198226
0.040283	0.434570	1.079590	-1.664122	-5.839695	-3.534351	3.204866
0.044189	0.437500	1.093262	-1.755725	-3.824427	-3.206107	3.211495
0.039795	0.439209	1.081055	-1.671756	-3.854962	-3.068702	3.218342
0.042236	0.431152	1.085938	-1.793893	-3.984733	-3.603053	3.224981
0.048096	0.437256	1.079590	-1.740458	-3.854962	-2.870229	3.231621
0.042480	0.433594	1.086914	-1.564885	-4.061069	-3.320611	3.238481
0.044434	0.431641	1.083496	-1.625954	-3.938931	-3.450382	3.245129
0.046631	0.452637	1.082764	-1.801527	-3.816794	-3.061069	3.251768
0.041748	0.434082	1.085449	-1.679389	-3.847328	-3.526718	3.258405
0.042969	0.438965	1.085205	-1.931298	-3.931298	-3.244275	3.265103
0.040527	0.432129	1.084717	-1.938931	-3.862595	-3.152672	3.271808
0.039795	0.437256	1.087158	-1.694656	-4.000000	-3.549618	3.278586
0.037598	0.429932	1.088135	-1.671756	-4.083969	-3.061069	3.285633
0.036377	0.435791	1.080078	-1.839695	-3.816794	-3.297710	3.292301
0.041504	0.435303	1.083984	-1.702290	-4.007634	-3.351145	3.298940
0.040771	0.441406	1.081787	-1.793893	-3.900763	-2.916031	3.305657
0.041992	0.437744	1.091797	-1.671756	-3.923664	-3.580153	3.312301
0.043945	0.437256	1.079590	-1.633588	-3.832061	-3.000000	3.318936
0.046143	0.431152	1.084229	-1.778626	-4.030534	-3.213740	3.325645
0.042969	0.438477	1.063965	-1.664122	-3.748092	-3.526718	3.332296
0.041504	0.434082	1.079102	-1.763359	-3.717557	-2.938931	3.338929
0.048096	0.430176	1.077637	-1.824427	-3.824427	-3.549618	3.345673
0.042725	0.435303	1.086182	-1.709924	-3.755725	-3.175573	3.352310
0.040039	0.434082	1.094727	-1.442748	-4.022901	-3.206107	3.358944
0.042480	0.452393	1.081299	-1.671756	-1.969466	-3.480916	3.365724
0.039307	0.433838	1.088867	-1.549618	-4.022901	-3.106870	3.372375
0.042236	0.436279	1.083008	-1.580153	-4.053435	-3.320611	3.379275
0.042236	0.435791	1.087158	-1.755725	-5.862595	-3.465649	3.385928
0.037109	0.435303	1.087402	-1.816794	-3.954198	-2.977099	3.392568
0.042969	0.429443	1.086670	-1.946565	-3.770992	-3.488550	3.399201
0.041992	0.427490	1.093262	-1.671756	-3.900763	-2.931298	3.405850
0.038330	0.436523	1.082275	-1.908397	-3.824427	-3.297710	3.412485
0.039795	0.436279	1.082031	-1.816794	-3.946565	-3.488550	3.419121
0.043701	0.435303	1.088379	-1.580153	-3.809160	-2.961832	3.425795
0.043213	0.437744	1.080322	-1.473282	-3.916031	-3.526718	3.432433
0.045166	0.438477	1.079346	-1.862595	-3.847328	-3.061069	3.439064
0.038574	0.436279	1.084961	-1.816794	-4.106870	-3.175573	3.445699
0.037109	0.441406	1.083496	-1.603053	-5.847328	-3.656489	3.452468
0.036377	0.433350	1.082520	-1.885496	-3.809160	-3.000000	3.459106
0.037842	0.431885	1.091309	-1.870229	-3.969466	-3.389313	3.465746
0.039551	0.436768	1.086182	-1.885496	-3.977099	-3.335878	3.472384
0.041260	0.428467	1.083252	-1.725191	-4.137405	-2.923664	3.479070
0.040039	0.429688	1.084229	-1.748092	-3.824427	-3.603053	3.485754
0.038818	0.436035	1.086914	-1.725191	-4.030534	-3.015267	3.492553
0.031494	0.435059	1.085205	-1.564885	-3.946565	-3.328244	3.499278
0.035645	0.437256	1.073730	-1.564885	-4.091603	-3.427481	3.506023
0.046631	0.452881	1.084717	-2.076336	-5.854962	-2.847328	3.512798
0.039062	0.433594	1.077881	-1.923664	-3.694656	-3.587786	3.519441
0.040527	0.433350	1.083984	-1.969466	-3.847328	-3.221374	3.526117
0.037598	0.439209	1.086182	-1.755725	-3.854962	-3.122137	3.532794
0.040039	0.421875	1.093994	-1.664122	-3.786260	-3.603053	3.539429
0.045654	0.436768	1.086914	-1.679389	-5.824427	-2.801527	3.546095
0.044678	0.440918	1.073242	-1.549618	-4.015267	-3.549618	3.552731
0.044678	0.422119	1.084961	-1.496183	-4.099237	-3.488550	3.559366
0.048340	0.433350	1.085449	-1.877863	-3.870229	-3.061069	3.566002
0.041992	0.433594	1.083984	-1.625954	-4.038168	-3.793893	3.572649
0.042725	0.434326	1.082275	-1.725191	-3.839695	-3.091603	3.579315
0.042725	0.434814	1.081299	-1.679389	-4.114504	-3.396947	3.585957
0.053955	0.437256	1.083740	-1.862595	-5.832061	-3.343511	3.592590
0.059814	0.434814	1.081299	-1.648855	-3.755725	-2.839695	3.599379
0.040771	0.433838	1.084229	-1.725191	-4.076336	-3.687023	3.606045
0.044189	0.426758	1.079102	-1.465649	-3.809160	-3.282443	3.612784
0.040527	0.434326	1.079834	-1.755725	-3.793893	-2.992366	3.620016
0.041992	0.435059	1.091064	-1.893130	-3.961832	-3.557252	3.626792
0.042236	0.436279	1.084229	-1.641221	-3.992366	-2.931298	3.633604
0.040283	0.436768	1.079590	-1.519084	-4.083969	-3.244275	3.640249
0.037109	0.434814	1.076660	-1.954198	-4.000000	-3.458015	3.646887
0.044189	0.437256	1.069336	-1.748092	-3.961832	-2.877863	3.653588
0.046875	0.440674	1.081055	-1.671756	-3.908397	-3.610687	3.660220
0.049561	0.435059	1.089844	-1.755725	-3.839695	-3.007634	3.666924
0.040771	0.432129	1.094971	-1.587786	-3.893130	-3.259542	3.673599
0.045166	0.434570	1.077393	-1.786260	-4.206107	-3.541985	3.680323
0.041504	0.431641	1.077881	-1.908397	-5.832061	-2.908397	3.687061
0.041748	0.436768	1.089111	-1.687023	-1.977099	-3.534351	3.693704
0.044434	0.431885	1.083252	-1.755725	-4.106870	-3.320611	3.700463
0.043945	0.425537	1.082764	-1.633588	-4.038168	-3.129771	3.707129
0.041260	0.430908	1.090088	-1.862595	-3.893130	-3.580153	3.713811
0.038086	0.434326	1.084229	-1.717557	-3.839695	-3.068702	3.720447
0.039551	0.427979	1.091553	-1.801527	-4.038168	-3.427481	3.727117
0.045654	0.433594	1.078613	-1.740458	-3.793893	-3.503817	3.733792
0.042725	0.436035	1.079590	-1.946565	-5.854962	-3.000000	3.740426
0.039062	0.434570	1.084961	-1.839695	-3.786260	-3.610687	3.747065
0.043213	0.438721	1.090576	-1.839695	-3.992366	-3.099237	3.753710
0.042480	0.435303	1.080566	-1.755725	-4.045802	-3.267176	3.760351
0.039795	0.432373	1.082520	-1.610687	-3.862595	-3.687023	3.767083
0.044434	0.433594	1.079102	-1.694656	-3.625954	-2.793893	3.773756
0.034912	0.448975	1.086426	-1.633588	-4.053435	-3.450382	3.780482
0.049316	0.432861	1.077148	-1.770992	-3.938931	-3.274809	3.787232
0.031738	0.440674	1.091064	-1.885496	-4.030534	-2.984733	3.793883
0.040527	0.432129	1.085938	-1.832061	-3.885496	-3.656489	3.800519
0.041748	0.437988	1.080322	-1.641221	-3.977099	-2.977099	3.807166
0.039307	0.434814	1.063721	-1.862595	-3.824427	-3.633588	3.813805
0.045898	0.434570	1.088135	-1.664122	-2.007634	-3.305344	3.820435
0.039062	0.443115	1.079102	-1.633588	-3.984733	-2.931298	3.827111
0.041260	0.436768	1.085449	-1.832061	-3.847328	-3.587786	3.833785
0.041016	0.430664	1.085938	-1.694656	-4.000000	-2.992366	3.840421
0.041504	0.431885	1.081299	-1.664122	-3.763359	-3.320611	3.847103
0.048584	0.434814	1.072754	-1.702290	-5.862595	-3.389313	3.853740
0.038818	0.436035	1.089844	-1.648855	-3.763359	-3.045802	3.860370
0.047363	0.431152	1.086670	-1.679389	-3.992366	-3.526718	3.867008
0.040039	0.438721	1.080811	-1.763359	-3.992366	-3.351145	3.873667
0.038086	0.438477	1.087891	-1.541985	-4.152672	-2.938931	3.880337
0.041504	0.435059	1.090820	-1.778626	-3.847328	-3.564885	3.887025
0.045410	0.450439	1.093506	-1.618321	-5.847328	-3.022901	3.893723
0.035645	0.432373	1.081055	-1.740458	-1.992366	-3.534351	3.900363
0.040771	0.441162	1.079346	-1.755725	-3.870229	-3.351145	3.907000
0.051025	0.435547	1.089600	-1.770992	-3.671756	-3.183206	3.913646
0.036865	0.436523	1.085449	-1.893130	-3.839695	-3.717557	3.920280
0.033691	0.430664	1.093262	-1.610687	-4.007634	-3.183206	3.926921
0.045654	0.432129	1.070801	-1.732824	-3.694656	-3.442748	3.933559
0.043213	0.435303	1.080078	-1.778626	-4.076336	-3.374046	3.940187
0.040283	0.436035	1.084717	-1.496183	-3.954198	-2.854962	3.946857
0.045898	0.438232	1.089355	-1.824427	-3.977099	-3.442748	3.953495
0.038330	0.440430	1.076416	-1.419847	-4.007634	-3.175573	3.960125
0.040039	0.435791	1.084473	-1.763359	-3.992366	-3.061069	3.966803
0.044434	0.437500	1.079834	-1.893130	-3.862595	-3.748092	3.973466
0.039795	0.449463	1.084229	-1.770992	-3.847328	-2.809160	3.980126
0.046387	0.434326	1.088623	-1.595420	-3.916031	-3.473282	3.986763
0.044189	0.435547	1.083984	-1.603053	-3.923664	-3.183206	3.993399
0.038574	0.431152	1.076904	-1.458015	-4.007634	-3.122137	4.000033
0.045654	0.429199	1.077881	-1.763359	-4.007634	-3.572519	4.006675
0.058838	0.437988	1.082275	-1.595420	-5.854962	-2.877863	4.013314
0.038086	0.437744	1.073730	-1.885496	-3.793893	-3.290076	4.019951
0.041016	0.441650	1.083008	-1.541985	-3.870229	-3.519084	4.026616
0.041504	0.432861	1.083740	-1.717557	-3.916031	-3.114504	4.033289
0.046631	0.434814	1.076172	-1.900763	-3.908397	-3.572519	4.039931
0.041992	0.423584	1.092041	-1.648855	-4.000000	-3.022901	4.046605
0.038330	0.432373	1.081787	-1.679389	-3.969466	-3.221374	4.053243
0.041748	0.440430	1.085205	-1.832061	-3.809160	-3.534351	4.059875
0.041016	0.431396	1.081787	-1.656489	-3.847328	-2.954198	4.066513
0.042725	0.438232	1.088867	-1.778626	-3.992366	-3.480916	4.073164
0.038330	0.432617	1.080811	-1.648855	-4.061069	-3.175573	4.079891
0.044189	0.440430	1.089355	-1.816794	-4.114504	-2.992366	4.086528
0.033691	0.436768	1.088623	-1.618321	-3.725191	-3.709924	4.093179
0.039307	0.433350	1.084717	-1.916031	-3.885496	-3.419847	4.106328
0.042725	0.435791	1.084717	-1.687023	-4.030534	-3.282443	4.113201
0.040039	0.448730	1.084473	-1.870229	-3.862595	-3.099237	4.120021
0.043945	0.433594	1.080566	-1.755725	-3.732824	-3.702290	4.126663
0.040771	0.434326	1.079834	-1.610687	-4.030534	-2.961832	4.133311
0.039795	0.437744	1.084717	-1.633588	-3.938931	-3.213740	4.139947
0.038086	0.443115	1.083496	-1.488550	-3.992366	-3.679389	4.146687
0.045410	0.431885	1.080078	-1.557252	-4.122137	-2.984733	4.153329
0.039795	0.438965	1.084961	-1.763359	-3.969466	-3.580153	4.159964
0.041016	0.428711	1.083740	-1.595420	-3.954198	-3.236641	4.166662
0.037598	0.440430	1.078613	-1.778626	-3.839695	-3.129771	4.173302
0.039551	0.430664	1.084961	-1.603053	-3.954198	-3.664122	4.179940
0.035156	0.433350	1.088867	-1.740458	-3.885496	-2.961832	4.186614
0.042969	0.435303	1.087646	-1.603053	-3.877863	-3.549618	4.193320
0.036621	0.436768	1.083740	-1.786260	-4.083969	-3.244275	4.199955
0.044922	0.438477	1.080078	-1.679389	-3.946565	-3.030534	4.206625
0.039551	0.428711	1.088623	-1.694656	-3.740458	-3.702290	4.213310
0.039062	0.433594	1.085449	-1.839695	-3.847328	-3.030534	4.219961
0.046631	0.431396	1.081787	-1.496183	-3.893130	-3.412214	4.226655
0.037109	0.434082	1.085938	-1.664122	-3.854962	-3.511450	4.233333
0.045654	0.443848	1.084473	-1.908397	-4.000000	-2.893130	4.239978
0.041992	0.434814	1.080322	-1.778626	-4.068702	-3.534351	4.246625
0.041016	0.437500	1.078613	-1.870229	-3.923664	-3.068702	4.253289
0.038330	0.451416	1.077637	-1.633588	-3.870229	-3.312977	4.259920
0.041992	0.432861	1.076416	-1.717557	-4.114504	-3.648855	4.266558
0.042236	0.429688	1.082764	-1.541985	-3.854962	-2.809160	4.273196
0.044189	0.423584	1.077637	-1.580153	-3.755725	-3.641221	4.279837
0.041016	0.436035	1.084473	-1.717557	-4.045802	-3.290076	4.286475
0.038330	0.430908	1.080078	-1.587786	-4.076336	-3.137405	4.293113
0.043457	0.434082	1.081543	-1.816794	-3.977099	-3.740458	4.299740
0.037109	0.437988	1.083252	-1.755725	-3.816794	-3.068702	4.306384
0.032959	0.438721	1.088867	-1.740458	-3.870229	-3.335878	4.313048
0.040527	0.444336	1.090820	-1.389313	-3.740458	-3.290076	4.319679
0.049805	0.421143	1.074219	-1.641221	-4.053435	-3.229008	4.326402
0.046631	0.439209	1.084961	-2.122137	-3.778626	-3.419847	4.333046
0.039795	0.438477	1.083496	-1.824427	-3.809160	-2.938931	4.339679
0.043945	0.427002	1.092773	-1.748092	-4.091603	-3.320611	4.346348
0.048584	0.438721	1.091309	-1.786260	-1.984733	-3.725191	4.352985
0.043945	0.436768	1.084473	-1.656489	-3.938931	-3.091603	4.359618
0.039551	0.430420	1.074219	-2.229008	-4.145038	-3.618321	4.366275
0.041016	0.444824	1.084229	-1.938931	-3.755725	-3.229008	4.372913
0.031494	0.437012	1.092773	-1.389313	-4.221374	-3.251908	4.379548
0.040039	0.435303	1.081299	-1.610687	-2.022901	-3.549618	4.386184
0.044189	0.431152	1.075439	-1.931298	-5.847328	-2.938931	4.392815
0.047119	0.431641	1.073242	-2.160305	-3.755725	-3.297710	4.399445
0.045898	0.437744	1.087158	-1.893130	-3.870229	-3.106870	4.406112
0.038330	0.424072	1.087402	-1.870229	-3.816794	-2.862595	4.412781
0.043213	0.434814	1.083496	-1.564885	-3.954198	-3.396947	4.419414
0.042969	0.432373	1.083740	-1.687023	-3.900763	-2.977099	4.426051
0.039551	0.433105	1.087891	-1.877863	-4.045802	-3.511450	4.432694
0.036865	0.431641	1.090088	-1.786260	-3.740458	-3.343511	4.439328
0.040527	0.435547	1.066406	-1.290076	-4.083969	-3.038168	4.445965
0.040283	0.436768	1.081055	-1.419847	-3.938931	-3.603053	4.452603
0.044922	0.437012	1.085449	-1.725191	-5.862595	-3.244275	4.459232
0.041016	0.431152	1.084717	-1.702290	-3.908397	-3.381679	4.465881
0.043701	0.433838	1.078857	-1.923664	-4.129771	-3.358779	4.472541
0.040771	0.439941	1.079590	-1.763359	-5.801527	-2.893130	4.479182
0.038818	0.443848	1.083252	-2.091603	-4.007634	-3.267176	4.485843
0.035400	0.438477	1.094727	-1.740458	-4.152672	-2.969466	4.492481
0.041260	0.450439	1.085205	-1.549618	-4.007634	-3.137405	4.499118
0.038086	0.433838	1.091064	-1.114504	-4.061069	-4.122137	4.505800
0.047119	0.435547	1.079834	-1.496183	-3.984733	-3.358779	4.512436
0.052002	0.427246	1.074219	-1.977099	-3.977099	-3.656489	4.519070
0.039307	0.424316	1.078857	-2.290076	-3.992366	-3.137405	4.525704
0.041016	0.431641	1.078613	-2.175573	-4.022901	-2.610687	4.532461
0.031250	0.440674	1.107178	-1.877863	-4.091603	-3.427481	4.539097
0.036621	0.445557	1.088379	-1.389313	-4.045802	-3.091603	4.545737
0.047852	0.443359	1.083008	-1.396947	-3.847328	-3.725191	4.552381
0.044189	0.441162	1.088135	-1.770992	-3.969466	-3.580153	4.559015
0.046143	0.430908	1.080078	-1.748092	-4.160305	-3.007634	4.565646
0.043213	0.432129	1.083740	-1.740458	-4.167939	-3.595420	4.572289
0.041748	0.432373	1.082520	-0.030534	-3.885496	-3.114504	4.578927
0.044189	0.432129	1.078369	-1.755725	-3.977099	-2.931298	4.585598
0.043457	0.429199	1.080566	-1.755725	-5.824427	-3.305344	4.592260
0.043213	0.445557	1.084229	-1.839695	-4.221374	-2.778626	4.598895
0.037109	0.439453	1.083984	-1.534351	-4.099237	-3.351145	4.605574
0.032959	0.438477	1.087158	-1.564885	-4.083969	-3.282443	4.612289
0.032471	0.439453	1.085938	-1.221374	-4.083969	-3.274809	4.618926
0.042969	0.439453	1.085938	-1.526718	-3.877863	-3.847328	4.625593
0.043945	0.436035	1.088867	-1.633588	-3.877863	-3.320611	4.632223
0.046143	0.437256	1.090576	-1.931298	-2.000000	-3.381679	4.638890
0.045166	0.434326	1.090576	-1.709924	-3.740458	-3.435115	4.645567
0.045410	0.440918	1.091797	-1.664122	-3.946565	-3.000000	4.652201
0.038086	0.428223	1.083252	-1.832061	-3.961832	-3.847328	4.658870
0.045166	0.433838	1.084229	-1.908397	-1.961832	-2.969466	4.665593
0.038330	0.431885	1.069092	-1.580153	-4.083969	-3.343511	4.672223
0.042236	0.431641	1.089111	-3.908397	-3.847328	-3.465649	4.678908
0.044678	0.439453	1.085449	-1.732824	-3.877863	-2.900763	4.685699
0.045410	0.436523	1.091064	-1.740458	-3.992366	-3.625954	4.692318
0.043457	0.433594	1.079834	-1.732824	-4.053435	-3.022901	4.698955
0.036377	0.438232	1.085205	-1.793893	-3.763359	-2.900763	4.705699
0.047852	0.431152	1.085205	-1.709924	-3.885496	-3.549618	4.712344
0.041016	0.430664	1.086670	-2.038168	-3.862595	-2.786260	4.718963
0.045410	0.431152	1.078857	-1.809160	-3.770992	-3.526718	4.725608
0.045166	0.428467	1.075684	-2.068702	-3.931298	-3.167939	4.732268
0.038330	0.437500	1.083984	-2.061069	-4.045802	-2.854962	4.738899
0.043457	0.443115	1.089355	-1.473282	-1.969466	-3.603053	4.745576
0.039795	0.445801	1.089355	-1.442748	-3.847328	-3.374046	4.752214
0.044922	0.435059	1.078857	-1.557252	-4.091603	-3.595420	4.758887
0.046875	0.429932	1.086914	-1.755725	-3.893130	-3.748092	4.765606
0.048340	0.427734	1.086670	-3.862595	-4.015267	-2.809160	4.772268
0.046875	0.427490	1.080811	-2.015267	-3.938931	-3.343511	4.778907
0.045166	0.431152	1.080811	-1.870229	-3.847328	-3.030534	4.785584
0.041016	0.433594	1.086914	-1.847328	-4.091603	-3.198473	4.792219
0.039551	0.434082	1.093262	-1.725191	-4.282443	-3.580153	4.798888
0.040771	0.434326	1.083252	-1.854962	-3.946565	-2.900763	4.805562
0.040039	0.430420	1.082520	-3.908397	-3.946565	-3.679389	4.812193
0.039795	0.430420	1.088867	-1.778626	-3.977099	-3.083969	4.818863
0.042236	0.435303	1.088379	-1.679389	-3.900763	-3.091603	4.825555
0.041748	0.439209	1.086426	-1.610687	-3.893130	-3.687023	4.832166
0.041504	0.433105	1.083008	-1.862595	-3.916031	-2.900763	4.838879
0.045898	0.433105	1.078613	-1.625954	-4.190840	-3.480916	4.845538
0.047363	0.431885	1.083740	-1.442748	-3.893130	-3.366412	4.852147
0.044922	0.430420	1.087158	-1.908397	-4.076336	-2.824427	4.858811
0.042236	0.433350	1.085449	-1.702290	-3.778626	-3.725191	4.865446
0.039062	0.422119	1.081543	-1.770992	-1.992366	-3.114504	4.872083
0.044922	0.437256	1.083252	-1.534351	-3.923664	-3.351145	4.878727
0.040283	0.433838	1.091797	-1.633588	-3.725191	-3.549618	4.885365
0.043945	0.433350	1.089600	-1.687023	-3.557252	-2.992366	4.891997
0.044434	0.428223	1.084229	-1.656489	-3.893130	-3.595420	4.898659
0.042236	0.436279	1.087891	-1.801527	-4.106870	-3.175573	4.905334
0.035645	0.436768	1.082275	-1.656489	-4.038168	-3.145038	4.911969
0.041504	0.423340	1.088623	-1.755725	-4.106870	-3.503817	4.918637
0.038330	0.434082	1.085449	-1.801527	-3.870229	-3.061069	4.925300
0.036133	0.432617	1.078369	-1.801527	-3.893130	-3.519084	4.931935
0.040283	0.435791	1.084473	-1.648855	-1.961832	-3.274809	4.938566
0.044678	0.435303	1.083984	-1.610687	-4.007634	-3.038168	4.945335
0.040527	0.432617	1.084473	-1.625954	-4.091603	-3.664122	4.951968
0.042969	0.431641	1.080811	-1.648855	-3.931298	-3.083969	4.958630
0.050293	0.432617	1.092529	-1.839695	-4.053435	-3.480916	4.965263
0.046387	0.432129	1.082764	-1.763359	-3.946565	-3.358779	4.971888
0.042480	0.430664	1.083740	-1.694656	-3.908397	-2.877863	4.978524
0.042725	0.432129	1.083984	-1.725191	-3.893130	-3.603053	4.985160
0.044922	0.437744	1.086426	-1.816794	-3.877863	-2.992366	4.991798
0.041260	0.438721	1.084961	-1.633588	-4.076336	-3.076336	4.998438
0.042725	0.449951	1.083496	-1.351145	-4.030534	-3.519084	5.005080
0.040283	0.440186	1.076660	-1.770992	-3.717557	-2.946565	5.011709
0.039062	0.434082	1.079590	-1.931298	-3.984733	-3.343511	5.018377
0.041504	0.428467	1.081055	-1.618321	-3.893130	-3.290076	5.025013
0.039795	0.431641	1.081055	-1.725191	-3.977099	-2.938931	5.031729
0.044922	0.439697	1.079346	-1.770992	-3.885496	-3.618321	5.038386
0.042480	0.432373	1.080811	-1.740458	-3.801527	-3.114504	5.045104
0.047852	0.437256	1.085449	-1.656489	-4.022901	-3.427481	5.051743
0.041748	0.436768	1.078369	-1.648855	-4.076336	-3.351145	5.058387
0.044678	0.437256	1.088867	-1.557252	-4.152672	-3.053435	5.065019
0.038818	0.437988	1.076172	-1.595420	-3.923664	-3.793893	5.071649
0.042236	0.438232	1.082764	-1.847328	-2.007634	-2.893130	5.078284
0.047119	0.440186	1.088135	-1.656489	-5.862595	-3.389313	5.084918
0.039062	0.429932	1.086182	-1.809160	-3.977099	-3.145038	5.091552
0.046387	0.422607	1.084961	-1.641221	-3.870229	-2.877863	5.098234
0.038330	0.437988	1.075928	-1.801527	-3.954198	-3.564885	5.104978
0.041016	0.436523	1.087158	-1.748092	-4.068702	-3.213740	5.111617
0.037354	0.436035	1.083984	-1.557252	-3.702290	-3.229008	5.118252
0.046875	0.432617	1.085205	-1.702290	-3.977099	-3.648855	5.124897
0.044922	0.439209	1.088379	-1.763359	-2.015267	-3.007634	5.131527
0.040527	0.438965	1.078369	-1.732824	-3.824427	-3.587786	5.138161
0.039307	0.422363	1.086182	-1.671756	-4.175573	-3.221374	5.144820
0.040283	0.432129	1.087891	-1.633588	-3.954198	-3.099237	5.151452
0.043213	0.434814	1.079102	-1.816794	-3.809160	-3.541985	5.158132
0.048828	0.432861	1.083740	-1.580153	-3.908397	-3.022901	5.164861
0.045898	0.434814	1.081543	-1.877863	-5.839695	-3.381679	5.171496
0.032471	0.432861	1.083008	-1.709924	-3.763359	-3.419847	5.178138
0.042969	0.438477	1.093506	-1.671756	-3.961832	-3.007634	5.184810
0.041016	0.440430	1.081299	-1.595420	-3.770992	-3.618321	5.191442
0.044678	0.437256	1.083252	-1.717557	-4.076336	-3.206107	5.198104
0.044922	0.432129	1.079102	-1.755725	-3.809160	-3.351145	5.204740
0.040039	0.435791	1.084229	-1.900763	-3.793893	-3.435115	5.211373
0.038330	0.430176	1.082275	-1.702290	-4.099237	-3.007634	5.218013
0.040039	0.432373	1.080566	-1.610687	-3.793893	-3.541985	5.224653
0.037109	0.434082	1.082275	-1.648855	-4.106870	-3.175573	5.231289
0.049072	0.430908	1.075684	-1.816794	-3.938931	-3.167939	5.237926
0.037109	0.434082	1.085693	-1.572519	-3.969466	-3.534351	5.244564
0.043945	0.443115	1.081787	-1.786260	-3.671756	-2.732824	5.251197
0.038086	0.439697	1.084717	-1.961832	-3.900763	-3.496183	5.257866
0.040527	0.431396	1.086914	-1.854962	-3.992366	-3.274809	5.264507
0.039307	0.440430	1.078369	-1.687023	-5.824427	-3.145038	5.271145
0.044434	0.422852	1.075684	-1.847328	-4.038168	-3.656489	5.277782
0.043945	0.437744	1.087646	-1.694656	-3.984733	-3.068702	5.284418
0.038574	0.431641	1.084717	-1.717557	-3.992366	-3.122137	5.291050
0.040771	0.438477	1.086182	-1.603053	-3.977099	-3.480916	5.297687
0.040527	0.439697	1.075439	-1.725191	-3.839695	-2.862595	5.304325
0.045654	0.436768	1.085449	-1.908397	-4.022901	-3.572519	5.310958
0.043945	0.436035	1.083008	-1.679389	-5.839695	-3.045802	5.317617
0.043213	0.432373	1.084717	-1.770992	-3.969466	-3.175573	5.324254
0.042480	0.434814	1.092529	-1.923664	-1.992366	-3.564885	5.330887
0.038086	0.432373	1.081543	-1.656489	-3.732824	-3.030534	5.337524
0.046143	0.432861	1.089111	-1.847328	-3.984733	-3.725191	5.344157
0.042480	0.440186	1.089355	-1.748092	-3.862595	-3.129771	5.350790
0.035645	0.436768	1.083252	-1.877863	-4.022901	-2.961832	5.357553
0.042969	0.434082	1.081543	-1.687023	-3.916031	-3.595420	5.364191
0.042725	0.431885	1.090088	-1.694656	-1.992366	-3.000000	5.370831
0.042969	0.436035	1.087891	-1.778626	-3.816794	-3.480916	5.377468
0.038086	0.432861	1.083740	-1.770992	-3.809160	-3.320611	5.384105
0.045898	0.436279	1.082764	-1.877863	-3.816794	-2.946565	5.390736
0.044922	0.437012	1.084717	-1.625954	-4.129771	-3.755725	5.397377
0.039551	0.434570	1.081299	-1.748092	-3.786260	-3.206107	5.404082
0.040527	0.446777	1.078613	-1.732824	-3.908397	-3.541985	5.410722
0.040039	0.435547	1.088867	-1.687023	-4.022901	-3.381679	5.417376
0.040283	0.439941	1.092529	-1.580153	-3.816794	-3.015267	5.424041
0.044678	0.434082	1.080078	-1.709924	-3.824427	-3.473282	5.430674
0.044189	0.432861	1.089111	-1.923664	-4.068702	-3.106870	5.437309
0.037842	0.435303	1.086182	-1.671756	-4.068702	-3.236641	5.443945
0.036621	0.436523	1.078369	-1.702290	-3.992366	-3.450382	5.450664
0.045898	0.423828	1.080078	-2.038168	-3.961832	-2.824427	5.457302
0.041016	0.437988	1.081543	-1.839695	-1.961832	-3.511450	5.463940
0.045654	0.437500	1.080322	-1.496183	-3.931298	-3.435115	5.470569
0.044434	0.437256	1.085205	-1.748092	-4.045802	-3.045802	5.477212
0.041260	0.429688	1.082031	-1.702290	-4.091603	-3.610687	5.483856
0.048096	0.433594	1.090088	-1.625954	-3.969466	-3.129771	5.490499
0.042236	0.447021	1.081055	-1.763359	-3.916031	-3.320611	5.497134
0.038330	0.441895	1.087402	-1.793893	-3.923664	-3.366412	5.503803
0.039551	0.431641	1.083740	-1.679389	-3.977099	-3.015267	5.510437
0.044189	0.431396	1.078369	-1.732824	-4.015267	-3.503817	5.517105
0.037109	0.422363	1.080566	-1.679389	-3.839695	-3.206107	5.523788
0.041748	0.436279	1.089355	-1.809160	-4.030534	-3.175573	5.530426
0.042236	0.433105	1.085693	-1.595420	-4.099237	-3.473282	5.537062
0.042725	0.436279	1.090820	-1.641221	-3.854962	-2.885496	5.543701
0.036865	0.435303	1.080322	-1.648855	-3.954198	-3.709924	5.550336
0.039062	0.437256	1.089844	-1.885496	-3.923664	-3.198473	5.556975
0.042480	0.435791	1.082031	-1.656489	-4.114504	-3.282443	5.563619
0.043213	0.435059	1.083984	-1.511450	-3.870229	-3.625954	5.570315
0.041748	0.427002	1.093018	-1.885496	-3.839695	-3.022901	5.576947
0.041504	0.428711	1.084717	-2.000000	-5.832061	-3.297710	5.583597
0.037598	0.452637	1.083984	-1.870229	-4.282443	-3.236641	5.590240
0.046143	0.443604	1.090088	-1.511450	-3.938931	-3.061069	5.596881
0.047119	0.438721	1.081055	-1.618321	-4.053435	-3.786260	5.603555
0.049561	0.434570	1.076416	-1.702290	-3.877863	-2.900763	5.610187
0.039795	0.438965	1.084473	-1.732824	-3.847328	-3.251908	5.616947
0.043945	0.435547	1.074951	-1.656489	-4.053435	-3.274809	5.623579
0.041504	0.432861	1.078613	-1.702290	-4.083969	-3.129771	5.630196
0.041504	0.433594	1.092773	-1.496183	-1.961832	-3.427481	5.636858
0.040283	0.436279	1.089600	-1.641221	-4.076336	-3.106870	5.643497
0.044434	0.435791	1.093018	-1.541985	-4.053435	-3.145038	5.650133
0.042969	0.435059	1.084473	-1.572519	-4.038168	-3.687023	5.656777
0.046143	0.439941	1.083252	-1.854962	-4.053435	-2.839695	5.663417
0.034180	0.433105	1.078369	-1.610687	-4.053435	-3.511450	5.670064
0.043945	0.422607	1.079590	-1.694656	-5.839695	-3.114504	5.676678
0.044434	0.435059	1.087891	-1.824427	-3.854962	-3.137405	5.683304
0.041504	0.431641	1.086670	-1.763359	-3.648855	-3.412214	5.689938
0.039551	0.435059	1.080322	-1.671756	-3.816794	-2.877863	5.696602
0.044434	0.434082	1.079590	-1.801527	-4.007634	-3.404580	5.703234
0.039307	0.436768	1.083984	-1.801527	-3.854962	-3.366412	5.709867
0.041992	0.435059	1.081299	-1.664122	-4.091603	-3.038168	5.716546
0.041016	0.439453	1.087402	-1.625954	-3.778626	-3.679389	5.723173
0.044189	0.434326	1.063477	-1.748092	-3.992366	-2.984733	5.729787
0.044922	0.440186	1.090088	-1.740458	-3.778626	-3.328244	5.736414
0.043701	0.425049	1.086182	-1.664122	-4.053435	-3.343511	5.743052
0.045410	0.436035	1.082031	-1.732824	-3.580153	-3.503817	5.749683
0.036377	0.427002	1.091309	-2.129771	-4.381679	-5.770992	5.756346
0.031738	0.444824	1.045166	-4.396947	-2.213740	-7.465649	5.762984
0.024170	0.426514	1.107422	-9.000000	-2.259542	-2.175573	5.769714
0.045654	0.429932	1.101807	1.885496	-4.709924	-4.480916	5.776361
0.038086	0.437744	1.060303	2.625954	-5.442748	-2.480916	5.783033
0.051025	0.433105	1.079834	-3.702290	-2.961832	-3.961832	5.789664
0.017334	0.433594	1.083740	-4.526718	-2.694656	-3.183206	5.796302
0.042725	0.434814	1.092529	-0.763359	-4.435115	-3.114504	5.802934
0.044434	0.433350	1.070557	0.229008	-4.488550	-3.396947	5.809568
0.046631	0.436768	1.074951	-2.473282	-3.679389	-2.916031	5.816207
0.034668	0.432129	1.089600	-2.908397	-3.358779	-3.641221	5.822844
0.045654	0.431885	1.081543	-1.351145	-4.099237	-3.297710	5.829476
0.040527	0.436035	1.081299	-0.801527	-4.374046	-3.068702	5.836112
0.038086	0.435303	1.084229	-0.045802	-3.557252	-3.625954	5.842776
0.042480	0.435303	1.086426	-2.274809	-3.587786	-3.129771	5.849409
0.042236	0.433350	1.089355	-1.633588	-3.961832	-3.282443	5.856046
0.036865	0.441406	1.082520	-1.473282	-4.053435	-3.633588	5.862680
0.040527	0.435303	1.079834	-1.725191	-3.656489	-3.167939	5.869377
0.042236	0.428467	1.082764	-2.244275	-3.740458	-3.442748	5.876011
0.038818	0.429932	1.088135	-1.679389	-4.015267	-3.274809	5.882649
0.042236	0.435547	1.081787	-1.328244	-4.160305	-3.351145	5.889284
0.039551	0.422119	1.089844	-1.656489	-3.969466	-3.610687	5.895922
0.044434	0.436035	1.083984	-1.900763	-3.946565	-2.946565	5.902556
0.039795	0.434814	1.082764	-1.648855	-1.961832	-3.816794	5.909187
0.038818	0.434326	1.083252	-1.770992	-3.778626	-3.404580	5.915853
0.036377	0.436768	1.083008	-2.007634	-3.656489	-3.496183	5.922485
0.041016	0.432373	1.078369	-2.129771	-3.610687	-3.870229	5.929114
0.040283	0.433350	1.083740	-1.648855	-3.679389	-3.022901	5.935748
0.041504	0.433838	1.077637	-1.534351	-3.816794	-3.419847	5.942426
0.038818	0.434814	1.085205	-1.702290	-4.007634	-3.229008	5.949097
0.041016	0.430908	1.085693	-1.641221	-3.931298	-3.114504	5.955734
0.038330	0.435059	1.080811	-1.748092	-4.167939	-3.412214	5.962366
0.041504	0.433350	1.086670	-1.618321	-3.687023	-2.938931	5.968996
0.041504	0.439453	1.082520	-1.984733	-3.717557	-3.312977	5.975627
0.037598	0.426758	1.086426	-1.641221	-4.129771	-3.496183	5.982286
0.042480	0.438721	1.083008	-1.687023	-3.908397	-3.091603	5.988918
0.041504	0.439697	1.079102	-1.664122	-4.061069	-3.503817	5.995585
0.033936	0.434814	1.082275	-1.832061	-4.122137	-3.358779	6.002225
0.044678	0.434570	1.084473	-1.816794	-5.847328	-3.083969	6.008903
0.041992	0.432373	1.085938	-1.732824	-1.969466	-3.564885	6.015552
0.040771	0.436768	1.083252	-1.977099	-4.045802	-3.015267	6.022171
0.043213	0.436523	1.083496	-1.847328	-3.984733	-3.549618	6.028820
0.042480	0.433838	1.090820	-1.679389	-4.038168	-3.366412	6.035427
0.043457	0.436035	1.074463	-1.603053	-4.015267	-3.267176	6.042047
0.039062	0.434326	1.076660	-1.725191	-3.786260	-3.832061	6.048681
0.044678	0.436035	1.083008	-1.870229	-3.908397	-3.022901	6.055334
0.043213	0.432373	1.088379	-1.694656	-3.549618	-3.320611	6.061966
0.042480	0.431152	1.084961	-1.908397	-4.045802	-3.396947	6.068688
0.044922	0.433838	1.080078	-1.862595	-3.610687	-3.213740	6.075336
0.037598	0.436523	1.086182	-2.244275	-3.641221	-3.656489	6.081966
0.038086	0.428955	1.090576	-1.717557	-4.068702	-2.984733	6.088629
0.038086	0.433838	1.082520	-1.183206	-4.022901	-3.351145	6.095265
0.040039	0.435303	1.087646	-1.893130	-3.885496	-3.595420	6.101899
0.039307	0.434326	1.084473	-2.114504	-3.671756	-3.000000	6.108533
0.044189	0.447266	1.085938	-1.877863	-4.053435	-3.648855	6.115168
0.041016	0.435059	1.086426	-1.419847	-4.053435	-3.221374	6.121807
0.043457	0.436768	1.089355	-1.854962	-4.000000	-3.145038	6.128448
0.040283	0.432129	1.086182	-1.862595	-3.816794	-3.603053	6.135083
0.036377	0.436523	1.080566	-1.786260	-3.961832	-2.793893	6.141719
0.036865	0.434082	1.081299	-1.580153	-4.129771	-3.503817	6.148385
0.041504	0.433594	1.079102	-1.694656	-3.778626	-3.389313	6.155051
0.041992	0.429443	1.083740	-1.809160	-5.862595	-3.068702	6.161683
0.044189	0.434814	1.082764	-1.839695	-3.938931	-3.641221	6.168325
0.041748	0.440430	1.088623	-1.465649	-3.938931	-2.946565	6.174958
0.040771	0.436279	1.084229	-1.572519	-1.961832	-3.381679	6.181593
0.039307	0.433105	1.081299	-1.717557	-4.053435	-3.557252	6.188334
0.040039	0.431885	1.074951	-1.633588	-4.175573	-2.870229	6.194966
0.043701	0.432373	1.087402	-1.832061	-3.893130	-3.519084	6.201595
0.037598	0.432861	1.082520	-1.755725	-1.969466	-3.068702	6.208227
0.037109	0.438232	1.086914	-1.519084	-4.106870	-3.251908	6.214859
0.039795	0.432617	1.082275	-1.725191	-3.977099	-3.496183	6.221486
0.043213	0.433350	1.091309	-1.641221	-4.045802	-2.648855	6.228143
0.016113	0.431396	1.083740	-1.358779	-5.328244	-2.374046	6.234832
0.054443	0.435303	1.095459	-0.030534	-5.412214	-2.671756	6.241464
0.043457	0.437012	1.073242	-1.000000	-6.229008	-3.832061	6.248136
0.059326	0.435547	1.082275	-2.763359	-4.587786	-6.442748	6.254799
0.032959	0.434082	1.088135	-6.251908	-1.809160	-3.099237	6.261433
0.049072	0.429199	1.105713	-2.022901	-4.106870	-3.374046	6.268073
0.048096	0.436523	1.077637	3.839695	-3.343511	-4.480916	6.274709
0.034668	0.446289	1.070312	-1.984733	-2.625954	-3.641221	6.281342
0.040039	0.424805	1.094727	-4.954198	-2.984733	-3.717557	6.288057
0.035400	0.432129	1.081787	-0.091603	-4.503817	-3.167939	6.294691
0.041260	0.437500	1.091309	0.160305	-4.587786	-3.290076	6.301322
0.043945	0.438965	1.085693	-2.320611	-3.511450	-3.809160	6.307972
0.045410	0.429932	1.087158	-3.458015	-3.450382	-3.000000	6.314609
0.039062	0.434082	1.092529	-1.015267	-4.320611	-3.725191	6.321238
0.045654	0.431641	1.085449	-0.824427	-4.213740	-2.946565	6.327875
0.046143	0.432129	1.083496	-2.175573	-3.679389	-3.274809	6.334509
0.041504	0.433350	1.080322	-2.320611	-3.824427	-3.610687	6.341141
0.044189	0.431885	1.079102	-1.702290	-3.977099	-2.954198	6.347780
0.036621	0.430176	1.082031	-1.305344	-4.381679	-3.366412	6.354416
0.041504	0.434326	1.078857	-2.007634	-3.709924	-3.167939	6.361043
0.037598	0.433594	1.079346	-1.969466	-4.122137	-2.984733	6.367684
0.043213	0.433350	1.085693	-1.725191	-3.770992	-3.671756	6.374317
0.041260	0.432617	1.083984	-1.503817	-3.877863	-2.900763	6.380947
0.040039	0.433838	1.084961	-1.770992	-3.778626	-3.435115	6.387620
0.041260	0.431152	1.083252	-2.129771	-3.908397	-3.480916	6.394290
0.041260	0.422607	1.072998	-1.656489	-3.900763	-3.129771	6.400925
0.042480	0.432617	1.082275	-1.557252	-5.816794	-3.603053	6.407559
0.043213	0.431152	1.082031	-1.763359	-1.984733	-3.015267	6.414192
0.039795	0.436035	1.082275	-1.809160	-3.977099	-3.396947	6.420824
0.041016	0.429199	1.085938	-1.702290	-3.870229	-3.557252	6.427461
0.035400	0.429688	1.089355	-1.580153	-4.045802	-2.862595	6.434105
0.043701	0.449219	1.088379	-1.656489	-4.000000	-3.603053	6.440739
0.038574	0.433105	1.083252	-1.732824	-3.717557	-3.160305	6.447376
0.040039	0.433838	1.090332	-1.801527	-3.916031	-3.198473	6.454044
0.042480	0.435303	1.082520	-1.587786	-5.862595	-3.519084	6.460674
0.041748	0.430908	1.081055	-1.854962	-3.954198	-2.893130	6.467314
0.039307	0.438232	1.079590	-1.687023	-5.854962	-3.541985	6.473952
0.042480	0.431641	1.082764	-1.671756	-3.809160	-3.389313	6.480581
0.040771	0.450928	1.082764	-1.877863	-3.770992	-3.106870	6.487258
0.041016	0.433594	1.089844	-2.099237	-4.114504	-3.503817	6.493897
0.036865	0.433105	1.088379	-1.389313	-3.977099	-3.267176	6.500530
0.033203	0.441162	1.082764	-1.496183	-3.534351	-3.931298	6.507173
0.039307	0.436523	1.088379	-2.732824	-3.259542	-3.503817	6.513812
0.048584	0.428223	1.090820	-1.755725	-3.679389	-3.511450	6.520444
0.032715	0.434570	1.070068	-1.503817	-3.419847	-4.236641	6.527111
0.038086	0.432861	1.083008	-2.587786	-3.442748	-3.106870	6.533749
0.031494	0.426514	1.089600	-1.671756	-3.251908	-4.419847	6.540385
0.030518	0.439697	1.079102	-3.068702	-2.091603	-4.748092	6.547025
0.040283	0.427979	1.085693	-3.175573	-3.732824	-4.259542	6.553664
0.028076	0.433594	1.081299	-0.122137	-3.442748	-3.503817	6.560309
0.048340	0.436035	1.098633	-1.740458	-5.847328	-2.648855	6.566949
0.048828	0.450195	1.076904	-0.328244	-2.778626	-4.633588	6.573585
0.037842	0.431641	1.084961	-4.564885	-2.480916	-3.740458	6.580212
0.031250	0.421143	1.096191	-3.000000	-2.793893	-3.396947	6.586870
0.034912	0.436523	1.088379	-1.564885	-3.458015	-4.503817	6.593537
0.043457	0.431152	1.090332	-2.053435	-4.083969	-2.954198	6.600288
0.038086	0.429932	1.082764	-1.328244	-3.679389	-3.564885	6.607060
0.041504	0.438721	1.089111	-2.648855	-3.641221	-3.664122	6.613704
0.038574	0.431152	1.085205	-3.877863	-4.129771	-2.992366	6.620337
0.036865	0.428467	1.091553	-1.572519	-4.015267	-3.229008	6.626971
0.038086	0.442383	1.080078	-1.480916	-4.244275	-3.641221	6.633607
0.042969	0.434570	1.080322	-2.183206	-3.793893	-3.022901	6.640243
0.042725	0.427002	1.085449	-2.091603	-3.824427	-3.656489	6.646879
0.041260	0.426758	1.088867	-1.625954	-3.854962	-3.099237	6.653551
0.041504	0.427246	1.088135	-1.862595	-3.610687	-3.236641	6.660187
0.041992	0.435547	1.081299	-1.854962	-2.053435	-3.687023	6.666947
0.044434	0.433350	1.088623	-1.381679	-2.969466	-4.038168	6.673585
0.042480	0.435547	1.079834	-3.358779	-3.038168	-3.564885	6.680216
0.050537	0.430664	1.103760	-0.717557	-2.167939	-5.267176	6.686867
0.082275	0.462646	1.023193	-8.977099	-5.534351	-17.282443	6.693538
-0.005371	0.435303	1.104248	-37.519084	12.908397	-6.587786	6.700285
0.015869	0.385742	1.175781	-19.183206	-2.877863	-5.572519	6.706930
0.035889	0.441650	1.064209	10.000000	-9.007634	-11.786260	6.713568
0.026123	0.452148	1.075439	-4.877863	-4.832061	-2.458015	6.720203
0.062256	0.420166	1.107910	-4.671756	-2.145038	-5.251908	6.726871
0.028076	0.431885	1.084961	-2.480916	-3.198473	-4.618321	6.733541
0.041748	0.436035	1.094238	-5.854962	-3.877863	-3.022901	6.740168
0.030273	0.436768	1.079590	-1.641221	-3.427481	-3.786260	6.746806
0.038086	0.431396	1.092529	-1.419847	-4.511450	-3.328244	6.753444
0.034424	0.425049	1.076416	-1.061069	-3.977099	-3.190840	6.760086
0.040527	0.426514	1.082764	-2.312977	-4.022901	-3.587786	6.766725
0.037598	0.419678	1.086426	-1.969466	-4.068702	-3.404580	6.773360
0.035400	0.425293	1.087158	-1.770992	-4.282443	-2.877863	6.779989
0.040039	0.423828	1.088623	-1.549618	-3.709924	-3.328244	6.786627
0.036377	0.423096	1.085693	-0.030534	-3.832061	-2.954198	6.793294
0.032959	0.430176	1.091309	-1.954198	-3.793893	-3.519084	6.799926
0.035400	0.431641	1.092285	-1.274809	-4.129771	-3.396947	6.806601
0.039307	0.425293	1.085693	-1.709924	-4.236641	-3.053435	6.813238
0.028809	0.429199	1.083740	-1.816794	-3.832061	-3.549618	6.819867
0.033936	0.434082	1.085449	-1.893130	-4.000000	-3.022901	6.826504
0.040771	0.426270	1.080566	-1.763359	-4.152672	-3.328244	6.833143
0.037109	0.429932	1.094238	-1.656489	-4.076336	-3.358779	6.839779
0.038330	0.423828	1.084961	-1.793893	-3.755725	-2.938931	6.846429
0.034180	0.430664	1.079102	-1.969466	-3.885496	-3.625954	6.853063
0.035645	0.427979	1.087646	-1.778626	-3.954198	-3.122137	6.859689
0.037109	0.429199	1.090332	-1.717557	-3.671756	-3.282443	6.866391
0.040527	0.426514	1.087158	-1.847328	-3.916031	-3.564885	6.873047
0.039795	0.422852	1.080566	-1.816794	-3.809160	-2.656489	6.879681
0.030029	0.417969	1.088135	-1.908397	-3.908397	-3.480916	6.886354
0.029297	0.425781	1.086670	-1.664122	-3.877863	-3.213740	6.893024
0.032227	0.419434	1.083252	-1.839695	-3.694656	-3.236641	6.899660
0.027588	0.427246	1.086670	-1.687023	-3.862595	-3.778626	6.906299
0.039307	0.426514	1.096924	-1.603053	-3.885496	-2.992366	6.912938
0.035645	0.424561	1.090576	-1.687023	-2.015267	-3.618321	6.919567
0.037842	0.431885	1.067139	-1.709924	-3.824427	-3.290076	6.926203
0.039795	0.428467	1.078857	-3.893130	-3.809160	-3.137405	6.932842
0.032471	0.428711	1.084717	-1.793893	-3.992366	-3.641221	6.939476
0.036377	0.432129	1.090820	-1.885496	-3.816794	-3.030534	6.946113
0.041016	0.426270	1.089111	-1.885496	-3.946565	-3.305344	6.952783
0.035645	0.428711	1.087402	-1.717557	-3.931298	-3.480916	6.959417
0.029297	0.422852	1.088379	-1.549618	-5.832061	-2.946565	6.966132
0.036377	0.426514	1.089600	-1.824427	-4.000000	-3.572519	6.972795
0.039307	0.432129	1.090576	-1.694656	-3.992366	-3.160305	6.979430
0.035400	0.424072	1.083008	-1.694656	-3.824427	-3.404580	6.986123
0.037842	0.428711	1.089355	-1.954198	-3.717557	-3.618321	6.992788
0.050293	0.427490	1.091553	-1.129771	-2.992366	-4.213740	6.999425
0.053955	0.442383	1.047607	-4.480916	-5.854962	-7.435115	7.006110
0.016846	0.427246	1.092285	-12.221374	-1.282443	-4.618321	7.012843
0.045166	0.414551	1.111328	-4.648855	-3.152672	-3.679389	7.019481
0.030762	0.428467	1.081543	4.259542	-5.595420	-4.503817	7.026149
0.039307	0.427246	1.088379	-1.007634	-4.534351	-2.045802	7.032794
0.035889	0.424805	1.085205	-4.229008	-2.793893	-4.244275	7.039428
0.030518	0.419189	1.088867	-3.114504	-3.419847	-3.381679	7.046103
0.036865	0.424561	1.080322	-0.335878	-4.580153	-2.992366	7.052738
0.038086	0.429932	1.082764	-0.854962	-4.335878	-3.305344	7.059369
0.035889	0.427246	1.082520	-2.381679	-3.435115	-3.129771	7.066010
0.028809	0.428467	1.083740	-2.312977	-3.557252	-3.320611	7.072639
0.032959	0.422607	1.082031	-1.572519	-3.961832	-3.312977	7.079270
0.035156	0.425781	1.084717	-1.213740	-3.969466	-3.053435	7.085905
0.034912	0.428467	1.087158	-2.137405	-3.786260	-3.610687	7.092542
0.028076	0.427002	1.081787	-1.977099	-3.778626	-3.183206	7.099181
0.034668	0.422119	1.095215	-1.526718	-4.206107	-3.297710	7.105846
0.033203	0.427490	1.085449	-1.435115	-4.007634	-3.557252	7.112524
0.030029	0.420410	1.084717	-2.030534	-3.755725	-2.801527	7.119228
0.035400	0.426758	1.084473	-1.954198	-3.702290	-3.564885	7.125863
0.035889	0.428223	1.098389	-1.717557	-4.053435	-3.244275	7.132537
0.040283	0.425537	1.083252	-1.458015	-3.793893	-3.030534	7.139167
0.034424	0.423340	1.090576	-2.007634	-4.022901	-3.633588	7.145831
0.033691	0.424561	1.088379	-1.763359	-3.954198	-3.000000	7.152461
0.031738	0.425293	1.086426	-1.702290	-3.900763	-3.549618	7.159097
0.032715	0.424316	1.089600	-1.732824	-3.900763	-3.404580	7.165738
0.036621	0.431641	1.103271	-1.870229	-3.778626	-3.190840	7.172370
0.038086	0.426758	1.091064	-1.770992	-3.832061	-3.404580	7.179006
0.031982	0.425293	1.093018	-1.633588	-4.022901	-3.145038	7.185642
0.036377	0.431152	1.084717	-1.778626	-3.801527	-3.229008	7.192291
0.036377	0.428223	1.090088	-1.679389	-3.824427	-3.450382	7.198917
0.031006	0.424316	1.087402	-1.770992	-3.648855	-2.916031	7.205667
0.032471	0.423828	1.087402	-1.633588	-3.969466	-3.480916	7.212297
0.039307	0.430664	1.106201	-1.687023	-3.748092	-3.137405	7.218927
0.040039	0.423828	1.092041	-1.793893	-3.740458	-3.137405	7.225597
0.035645	0.429688	1.083496	-1.633588	-4.175573	-3.557252	7.232223
0.041748	0.427734	1.083740	-1.709924	-3.702290	-3.015267	7.238922
0.036133	0.426025	1.081787	-1.732824	-1.969466	-3.396947	7.245586
0.032227	0.412109	1.090820	-1.664122	-1.977099	-3.076336	7.252213
0.030762	0.425781	1.092529	-1.656489	-4.183206	-3.030534	7.258884
0.036865	0.421631	1.079346	-1.679389	-4.007634	-3.732824	7.265572
0.037842	0.424805	1.084229	-2.206107	-4.106870	-3.045802	7.272213
0.042480	0.427979	1.093994	-1.625954	-3.946565	-3.534351	7.278882
0.034424	0.429688	1.084717	-1.519084	-3.961832	-3.473282	7.285550
0.034424	0.429199	1.093262	-1.893130	-5.854962	-2.793893	7.292185
0.033936	0.429443	1.090332	-1.755725	-3.977099	-3.549618	7.298849
0.042725	0.424316	1.082764	-1.572519	-4.038168	-3.137405	7.305522
0.046387	0.430908	1.108398	-1.786260	-4.045802	-3.229008	7.312152
0.034180	0.425537	1.090332	-1.664122	-3.969466	-3.335878	7.318821
0.039062	0.429443	1.088623	-1.801527	-4.030534	-2.893130	7.325457
0.030518	0.427246	1.088379	-1.862595	-3.900763	-3.587786	7.332092
0.031250	0.423096	1.093506	-1.763359	-3.969466	-3.190840	7.338727
0.036377	0.428467	1.084473	-1.503817	-3.977099	-3.183206	7.345359
0.036377	0.426758	1.079590	-1.748092	-3.923664	-3.534351	7.351989
0.033936	0.430176	1.093506	-1.618321	-3.862595	-3.053435	7.358653
0.035400	0.427246	1.094971	-1.679389	-3.854962	-3.412214	7.365405
0.032715	0.430176	1.095459	-1.786260	-4.137405	-3.442748	7.372047
0.035400	0.428711	1.102783	-1.816794	-3.748092	-3.076336	7.378680
0.039307	0.425781	1.088135	-1.618321	-3.717557	-3.618321	7.385340
0.036377	0.427002	1.091064	-1.671756	-3.854962	-2.954198	7.391973
0.036133	0.421143	1.085693	-1.839695	-1.992366	-3.320611	7.398644
0.035645	0.429932	1.091797	-1.694656	-4.015267	-3.427481	7.405310
0.039307	0.423096	1.090576	-1.740458	-3.954198	-2.847328	7.411937
0.036377	0.426514	1.083496	-1.862595	-3.625954	-3.610687	7.418570
0.035889	0.424072	1.078125	-1.732824	-4.122137	-3.213740	7.425329
0.042236	0.427979	1.087158	-1.656489	-4.053435	-3.297710	7.431966
0.033691	0.428467	1.088867	-1.786260	-5.824427	-3.687023	7.438631
0.032471	0.432861	1.087646	-1.847328	-3.877863	-2.961832	7.445271
0.033936	0.423340	1.083252	-1.412214	-4.137405	-3.389313	7.451915
0.032471	0.436768	1.086914	-1.526718	-4.045802	-3.015267	7.458551
0.036621	0.419434	1.085693	-1.755725	-4.206107	-2.832061	7.465190
0.032959	0.431152	1.084961	-1.503817	-3.908397	-3.702290	7.471820
0.039062	0.432129	1.096680	-2.335878	-3.755725	-3.022901	7.478448
0.029785	0.423828	1.092529	-1.732824	-3.900763	-3.511450	7.485089
0.037842	0.422363	1.082275	-1.610687	-4.053435	-3.305344	7.491721
0.037842	0.432129	1.090576	-1.572519	-3.992366	-2.916031	7.498385
0.036377	0.419434	1.097412	-2.099237	-4.007634	-3.541985	7.505016
0.035889	0.419922	1.090576	-1.824427	-3.793893	-2.916031	7.511646
0.032227	0.426758	1.086914	-1.458015	-4.206107	-3.267176	7.518281
0.032715	0.423096	1.088379	-1.748092	-3.809160	-3.412214	7.524919
0.034668	0.426758	1.086914	-1.824427	-5.854962	-3.045802	7.531551
0.036133	0.427246	1.087402	-1.603053	-1.961832	-3.656489	7.538245
0.033447	0.408447	1.089111	-1.908397	-4.007634	-3.198473	7.544884
0.034912	0.425537	1.093506	-1.725191	-3.938931	-3.083969	7.551521
0.034180	0.423096	1.091553	-1.656489	-4.091603	-3.595420	7.558153
0.032227	0.426514	1.078613	-1.770992	-3.778626	-3.061069	7.564831
0.035889	0.427490	1.098389	-1.671756	-3.969466	-3.427481	7.571466
0.037109	0.429932	1.107666	-1.694656	-3.946565	-3.320611	7.578132
0.034424	0.424072	1.087891	-1.564885	-4.106870	-3.022901	7.584809
0.035400	0.426514	1.083740	-1.709924	-3.748092	-3.595420	7.591443
0.033447	0.425049	1.088867	-1.694656	-4.053435	-2.931298	7.598108
0.039551	0.422607	1.092773	-1.725191	-4.099237	-3.419847	7.604746
0.036377	0.437256	1.085449	-1.824427	-3.977099	-3.534351	7.611382
0.039062	0.427490	1.085205	-1.725191	-3.977099	-3.068702	7.618016
0.038330	0.418945	1.082520	-1.748092	-3.946565	-3.648855	7.624656
0.036133	0.429199	1.079834	-1.687023	-4.145038	-3.076336	7.631288
0.035400	0.426758	1.087402	-1.702290	-4.000000	-3.274809	7.637925
0.032471	0.427490	1.090088	-1.885496	-3.839695	-3.465649	7.644568
0.036133	0.425537	1.086914	-1.709924	-3.763359	-2.954198	7.651203
0.029541	0.426025	1.079834	-1.778626	-3.725191	-3.648855	7.657864
0.039551	0.425537	1.088867	-1.702290	-4.007634	-3.221374	7.664503
0.034668	0.420654	1.088623	-1.671756	-3.778626	-3.213740	7.671139
0.033691	0.427246	1.092041	-1.916031	-3.885496	-3.435115	7.677776
0.035400	0.421143	1.087646	-1.396947	-3.786260	-3.045802	7.684411
0.031738	0.421631	1.083252	-1.664122	-4.099237	-3.381679	7.691042
0.036133	0.429199	1.088623	-1.755725	-3.938931	-3.343511	7.697681
0.035400	0.426270	1.086426	-1.671756	-3.763359	-2.938931	7.704358
0.036377	0.424316	1.084229	-1.755725	-3.809160	-3.442748	7.710994
0.034668	0.424072	1.089844	-1.763359	-4.114504	-2.862595	7.717632
0.039307	0.426758	1.089600	-1.763359	-4.015267	-3.396947	7.724308
0.033936	0.430420	1.090576	-1.763359	-4.091603	-3.167939	7.730943
0.040771	0.428711	1.076172	-1.709924	-5.816794	-2.839695	7.737607
0.032227	0.422363	1.085449	-1.877863	-3.969466	-3.465649	7.744242
0.036377	0.425049	1.088623	-1.557252	-3.824427	-3.190840	7.750875
0.022705	0.426514	1.083252	-1.687023	-3.893130	-3.213740	7.757513
0.034668	0.422607	1.086426	-1.702290	-3.916031	-3.549618	7.764153
0.035156	0.425537	1.086426	-1.801527	-3.847328	-3.068702	7.770784
0.038086	0.426025	1.086914	-1.534351	-3.938931	-3.465649	7.777417
0.034912	0.428711	1.094482	-1.847328	-3.961832	-3.221374	7.784062
0.039062	0.418213	1.080078	-1.694656	-3.908397	-3.282443	7.790695
0.045654	0.423828	1.084717	-1.778626	-3.954198	-3.671756	7.797361
0.035889	0.431396	1.090332	-1.519084	-3.877863	-3.190840	7.803995
0.037354	0.437012	1.091309	-1.847328	-3.908397	-3.389313	7.810629
0.031982	0.424072	1.088135	-1.839695	-4.190840	-3.343511	7.817266
0.036621	0.422852	1.092773	-1.877863	-3.854962	-3.015267	7.823907
0.032959	0.425781	1.085938	-1.641221	-3.763359	-3.564885	7.830539
0.037598	0.431152	1.091309	-1.671756	-3.984733	-2.984733	7.837249
0.040039	0.425537	1.083008	-1.832061	-4.190840	-3.167939	7.843888
0.030762	0.425537	1.085693	-1.748092	-3.793893	-3.335878	7.850519
0.040771	0.426758	1.090576	-1.824427	-4.167939	-3.076336	7.857155
0.036133	0.425293	1.089355	-1.839695	-3.992366	-3.564885	7.863831
0.041748	0.422607	1.091797	-1.702290	-3.954198	-3.091603	7.870468
0.034180	0.427490	1.086426	-1.732824	-3.839695	-3.236641	7.877119
0.033936	0.419678	1.090820	-1.519084	-4.068702	-3.648855	7.883790
0.035156	0.429688	1.089111	-1.770992	-4.000000	-2.900763	7.890422
0.039062	0.422363	1.087158	-1.557252	-3.954198	-3.725191	7.897096
0.036865	0.424805	1.094971	-1.610687	-3.992366	-3.389313	7.903738
0.032227	0.427979	1.091553	-1.732824	-3.877863	-3.221374	7.910370
0.031006	0.428955	1.086426	-1.778626	-3.900763	-3.572519	7.917003
0.032959	0.422852	1.085938	-1.770992	-4.068702	-2.854962	7.923643
0.035889	0.425049	1.085449	-1.732824	-5.847328	-3.511450	7.930278
0.032471	0.427246	1.088867	-1.717557	-3.763359	-3.259542	7.936914
0.031982	0.428711	1.086670	-1.587786	-4.030534	-3.038168	7.943555
0.044678	0.428467	1.090576	-1.847328	-4.175573	-3.618321	7.950187
0.040283	0.430908	1.089355	-1.404580	-3.854962	-3.129771	7.956918
0.033203	0.425781	1.090820	-1.908397	-3.763359	-3.351145	7.963570
0.037109	0.425537	1.089600	-1.687023	-3.977099	-3.290076	7.970202
0.038086	0.430664	1.104248	-1.801527	-3.801527	-2.946565	7.976875
0.038086	0.428223	1.084961	-1.816794	-4.015267	-3.633588	7.983543
0.041992	0.427979	1.078369	-1.839695	-1.992366	-3.152672	7.990177
0.035156	0.429688	1.089600	-1.801527	-5.839695	-3.282443	7.996851
0.040283	0.425293	1.084961	-1.664122	-4.045802	-3.534351	8.003494
0.034668	0.427734	1.082520	-1.770992	-3.770992	-2.954198	8.010124
0.038574	0.427979	1.088867	-1.786260	-4.114504	-3.648855	8.016760
0.042725	0.424805	1.108154	-1.900763	-3.801527	-3.229008	8.023394
0.038086	0.429932	1.090088	-1.725191	-4.282443	-2.954198	8.030026
0.033936	0.422363	1.086182	-1.877863	-3.969466	-3.519084	8.036664
0.036621	0.427979	1.079102	-1.786260	-3.900763	-3.015267	8.043304
0.037109	0.424805	1.085449	-1.564885	-3.801527	-3.664122	8.049939
0.037842	0.425293	1.093262	-1.923664	-4.007634	-3.343511	8.056610
0.035156	0.421875	1.089600	-1.793893	-3.992366	-3.099237	8.063307
0.036377	0.429932	1.094727	-1.923664	-3.877863	-3.549618	8.069943
0.038818	0.427979	1.087402	-1.648855	-3.931298	-3.114504	8.076613
0.031982	0.427734	1.093994	-1.694656	-4.145038	-3.381679	8.083285
0.037842	0.422852	1.089355	-1.572519	-4.000000	-3.564885	8.089913
0.036377	0.427979	1.089355	-1.916031	-1.969466	-2.862595	8.096550
0.030518	0.429199	1.091064	-1.725191	-3.992366	-3.503817	8.103235
0.029541	0.432373	1.083984	-1.687023	-3.984733	-3.175573	8.109992
0.039551	0.425537	1.082031	-1.748092	-4.053435	-3.045802	8.116632
0.039062	0.411133	1.088623	-1.854962	-3.954198	-3.389313	8.123303
0.039307	0.423096	1.086670	-1.587786	-3.694656	-3.061069	8.129940
0.035889	0.427002	1.098877	-1.969466	-3.969466	-3.458015	8.136609
0.038818	0.423828	1.092285	-1.633588	-4.122137	-3.160305	8.143278
0.038818	0.428955	1.083740	-1.664122	-5.824427	-2.931298	8.149908
0.037598	0.427002	1.087158	-1.847328	-3.809160	-3.648855	8.156546
0.034424	0.424805	1.093262	-1.786260	-1.969466	-2.977099	8.163184
0.038086	0.425049	1.096436	-1.786260	-4.122137	-3.404580	8.169819
0.039307	0.429688	1.085205	-1.633588	-4.038168	-3.366412	8.176455
0.034912	0.423584	1.084961	-1.847328	-3.984733	-2.778626	8.183094
0.032959	0.422852	1.082031	-1.954198	-4.236641	-3.664122	8.189722
0.034912	0.428467	1.095459	-1.687023	-4.068702	-3.167939	8.196356
0.037598	0.420898	1.081787	-1.732824	-3.931298	-3.312977	8.203000
0.034424	0.431396	1.095215	-1.877863	-4.099237	-3.412214	8.209643
0.036865	0.426270	1.093994	-1.725191	-1.961832	-2.885496	8.216282
0.036377	0.424316	1.090820	-1.778626	-3.862595	-3.488550	8.222915
0.037109	0.420898	1.097412	-1.725191	-4.160305	-3.221374	8.229548
0.028320	0.429932	1.081055	-1.809160	-4.053435	-3.068702	8.236184
0.037354	0.431641	1.084961	-1.618321	-3.877863	-3.664122	8.242822
0.021729	0.425781	1.087891	-1.610687	-4.083969	-3.000000	8.249583
0.051025	0.435791	1.081787	-1.679389	-5.198473	-3.045802	8.256224
